-version 15
- Deku Mask


0
0

- Hero's Bow
104
0,129;463,472,473;10;0,120;119,120,472;120,270;129,270;119,270
0
0

- Fire Arrow
107
119,469;93,119,468;2,120,461;463,472,473;10;270
0
0

- Ice Arrow
112,139,466
463,472,473;92,473;93;119,270,473
0
0

- Light Arrow
116,470
4,120,461;0,25,92,93,101,471;25,92,119;10,463,472;25,92,101,270,471;463,472,473
0
0

- Bomb Bag (20)


0
0

- Magic Bean
103

0
0

- Powder Keg
92,106
119,472,473;120;108;173,270,464
0
0

- Pictobox
464
16;147;156;162;165;155;418
0
0

- Lens of Truth
106

0
0

- Hookshot
111
0,461;120
0
0

- Great Fairy Magic Meter
346
0;92;93;270
0
0

- Great Fairy Spin Attack
347,348,349,350,351,352,353,354,355,356,357,358,359,360,361
0;270;465,472,473
0
0

- Great Fairy Extended Magic
106,362,363,364,365,366,367,368,369,370,371,372,373,374,375,376
92,99;95,465,472,473
0
0

- Great Fairy Double Defense
110,119,377,378,379,380,381,382,383,384,385,386,387,388,389,390,391
10;93;465,472,473;270,3,120,461;92,465,3,120,461
0
0

- Great Fairy's Sword
115,392,393,394,395,396,397,398,399,400,401,402,403,404,405,406

0
0

- Witch Bottle


0
0

- Aliens Bottle
109,120

0
2

- Goron Race Bottle
92,108,461
7;463,472,473
8
0

- Beaver Race Bottle
110,93,10

0
0

- Dampe Bottle
114
90;0,119,472,473;93,119,472,473;92;463,472,473;98;119,270,472,473
0
32

- Chateau Bottle
40,84

0
32

- Bombers' Notebook

120;93;0,461;10
0
0

- Razor Sword
106
2,30,120,461;30,120,472;30,173,464;30,108;2,31,120,461;31,120,472;31,173,464;31,108
0
12

- Gilded Sword
18,106,464
2,120,461;120,472;173;108
0
48

- Mirror Shield
115
2,4,120,461;2,10,120,463,472,461;2,93,120,462,472,473,461;88,103,168,171,464,477;4,88,120,171,464,461,477;10,88,171,463,464,472,477;88,93,171,462,464,472,473,477;2,120,270,462,472,473,461;88,171,270,462,464,472,473,477
0
0

- Town Archery Quiver (40)
120

0
21

- Swamp Archery Quiver (50)
120

0
21

- Town Bomb Bag (30)

30;31;473,39;92,39;93,39;270,39
0
32

- Mountain Bomb Bag (40)
92,106
30;31
0
0

- Town Wallet (200)


0
0

- Ocean Wallet (500)
110,119,316,317,318,319,320,321,322,323,324,325,326,327,328,329,330,331,332,333,334,335,336,337,338,339,340,341,342,343,344,345

0
3

- Moon's Tear


0
0

- Land Title Deed
32

0
0

- Swamp Title Deed
33

0
0

- Mountain Title Deed
0,34,106

0
0

- Ocean Title Deed
35,92,110
93;119;113
0
0

- Room Key


35
1

- Letter to Kafei
84

3
2

- Pendant of Memories
38

12
8

- Letter to Mama
149,163,38,32,33,34,35,36,30,275

32
16

- Mayor Dotour HP
85

0
21

- Postman HP


0
15

- Rosa Sisters HP
87

0
10

- ??? HP

33;34;35;36;38;40
0
42

- Grandma Short Story HP
73

0
5

- Grandma Long Story HP
73

0
20

- Keaton Quiz HP
77

0
0

- Deku Playground HP
0

0
16

- Town Archery HP
120

0
21

- Honey and Darling HP
120,463

0
16

- Swordsman's School HP

274;23;24
0
31

- Postbox HP
72

0
0

- Termina Field Gossips HP

0,98;92,99;93,100
0
62

- Termina Field Business Scrub HP

30;31
0
0

- Swamp Archery HP
120

0
21

- Pictograph Contest HP
8

0
0

- Boat Archery HP
105,464
16;147;156;162;165;155;418
0
0

- Frog Choir HP
3,80,104,108,112,120,461
463,472,473;0,93;0,92,473;119,270,473
0
0

- Beaver Race HP
10,110,93

0
0

- Seahorse HP
93,432,464,110

0
0

- Fisherman Game HP
113
10;465,472,473
0
0

- Evan HP
110

0
0

- Dog Race HP


0
16

- Poe Hut HP
115

0
0

- Treasure Chest Game HP
92

0
21

- Peahat Grotto HP


0
21

- Dodongo Grotto HP


0
0

- Woodfall Chest HP
103
465,472,473;0;93,478,463,472,473;270
0
0

- Twin Islands Chest HP
93,108

0
0

- Ocean Spider House HP
110
463,472,473;10,119,120
0
0

- Graveyard Iron Knuckle HP
114,119
473;92;463;4,120,21,461;4,120,409,461,464;4,120,13;4,120,157,461,464;4,120,155,461,464;4,120,148,461,464;4,120,417,461,464;4,120,418,461,464;270
0
0

- Postman's Hat
40

0
32

- All Night Mask
31

0
32

- Blast Mask
39
473;92;93;270
0
2

- Stone Mask
9,114,464,461
16;147;156;162;165;155;418
0
0

- Great Fairy's Mask
346

0
0

- Keaton Mask

463,472,473;93;38;0,463;270
0
16

- Bremen Mask


0
10

- Bunny Hood
78

0
16

- Don Gero's Mask
106,92
461;120,472,473
0
0

- Mask of Scents
103,167,464
0;93,478,463,472,473;465,472,473;10,463,472,473;105,463,472,473;93,270,478,463,472,473;120,270,478,463,472,473
0
0

- Romani Mask
109,120

0
8

- Circus Leader's Mask
0,92,93

0
10

- Kafei's Mask


0
21

- Couple's Mask
39,115,84
95;35,36,168,169,464,472,128,129,132,133,134,135,138,139,142,143,144,145,146;35,36,478,463,472,128,129,132,133,134,135,138,139,142,143,144,145,146;32,33,34,35,36,168,464,467,472;32,33,34,35,36,169,464,467,472
0
32

- Mask of Truth
474,286,287,288,289,290,291,292,293,294,295,296,297,298,299,300,301,302,303,304,305,306,307,308,309,310,311,312,313,314,315

0
0

- Kamaro's Mask
94

0
42

- Gibdo Mask
94,115
92;119,472;10;97
0
0

- Garo Mask
96

0
5

- Captain's Hat
114
462,472,473;10,463,472;92,93,463;98;10,92,93,478
0
0

- Giant's Mask
117
4,10,120,461;10,463,472;4,119,120,472,461;463,472,473;10,93,119,470;10,270,470
0
0

- Goron Mask
94,9,106,461

0
0

- Zora Mask
94,110

0
0

- Song of Healing


0
0

- Song of Soaring
103
462,472,473;0;93,463;270
0
0

- Epona's Song
109

0
1

- Song of Storms
114
473;92;463;4,120,21,461;4,120,409,461,464;4,120,13;4,120,157,461,464;4,120,155,461,464;4,120,148,461,464;4,120,417,461,464;4,120,418,461,464;270
0
0

- Sonata of Awakening
0,103

0
0

- Goron Lullaby
92,106

0
0

- New Wave Bossa Nova
93,110,174,464

0
0

- Elegy of Emptiness
25,115
2,4,120,461;93,2,120,461;463,472,473,2,120,461;0,7,92,2,120,461;7,92,2,120,461,463,478;465,473,120
0
0

- Oath to Order

105;108;113;118
0
0

- Poison swamp access

0;92,478;93,478;462,472,473;8;270;464,16;464,147;464,156;464,162;464,165;464,155;464,418
0
0

- Woodfall Temple access
0,98,103

0
0

- Woodfall clear
104
10,128;462,472,473;74,463,472,473;93,463,472,473;0,120,128;0,128,129;128,463,472,473;119,120,128,270
0
0

- North access

92;93;2,120,461;120,472;119;0
0
0

- Snowhead Temple access
106
92,99;95,465,472,473
0
0

- Snowhead clear
107,2,120,461
92,132;463,472,473
0
0

- Epona access

7,92;119,472,473;270
0
0

- West access

96;119,472,473;92,463;119,270
0
0

- Pirates' Fortress access
110,93
92;10;463,472,473;270
0
0

- Great Bay Temple access
93,100,110
10;119,472,473;270
0
0

- Great Bay clear
112
93;465,472,473;138,270,461,473
0
0

- East access

96;463,472,473;92,463
0
0

- Ikana Canyon access
114
10,89;10,88;465,472,473
0
0

- Stone Tower Temple access
115
10,465,472,473;92,101,465,472,473;93,101,465,472,473;10,92,101;10,93,101
0
0

- Inverted Stone Tower Temple access
116,4,120,461

0
0

- Ikana clear
117
4,10,120,142,461;120,463,472,473;91,461,463,472,473;10,120,463,472;0,10,91,92,461,463,472;0,10,91,93,461,463,472
0
0

- Explosives

5;28;29;74
0
0

- Arrows

1;26;27
0
0

- (Unused)


0
0

- (Unused)


0
0

- (Unused)


0
0

- (Unused)


0
0

- (Unused)


0
0

- Woodfall Map
104
0;463,472,473;10,92;10,119;119,120,472;92,270;119,270
0
0

- Woodfall Compass
104
0,129;0,120;463,472,473;10;119,129,472;119,120,472;129,270;120,270;119,270
0
0

- Woodfall Boss Key
104
0,120;10,463,472,473;120,463,472,473;0,129,270,461;119,270,478,461;119,120,270,478;10,95,270,473
0
0

- Woodfall Key 1
104
10;0;463,472,473;119,120,472;270
0
0

- Snowhead Map
107
119;92,461;93;10;2,120,461;173,464;270
0
0

- Snowhead Compass
107
468;93;119;10;270
0
0

- Snowhead Boss Key
107
463,472,473;2,92,120,461;10,92,173,464;2,93,120,468,461;2,119,120,468,472,461;10,92,120;2,120,270,472,461;92,120,270,468;92,173,270,464,472
0
0

- Snowhead Key 1 - block room
107
119;93;92,461;10;2,120,461;173,464;270
0
0

- Snowhead Key 2 - icicle room
107
119,468;463,472,473;10,119;93,119;2,93,120,461;10,92,468;2,120,468,461;92,93;92,463;119,270;92,270;2,120,270,461
0
0

- Snowhead Key 3 - bridge room
107
463;93;10;2,120,461;4,120,461;119,472;119,473;119,478;270
0
0

- Great Bay Map
112,466
93;463,472,473;3,92,120,473,461;10,92,473;0,92,473;270,473
0
0

- Great Bay Compass
112,466
93;478,463,472,473;3,92,120,478,473,461;0,92,478,473;270,478,473
0
0

- Great Bay Boss Key
112,466
93;478,463,472,473;3,92,120,478,473,461;270,478,473
0
0

- Great Bay Key 1
93,112,466

0
0

- Stone Tower Map

116,463,25,472;116,92,101,10,478;116,463,473,472,478;116,4,92,101,120,461;116,25,92,101,119;116,92,101,119,478,472;116,92,101,463,472,473;116,463,93,478,10;116,93,463,470,472,473;116,119,93,478,470,472;116,4,93,120,470,461;116,465,472,473;116,92,101,119,270,478;116,10,92,101,270;117,465,472,473
0
0

- Stone Tower Compass

116,463;116,119,25;116,4,120,461;116,25,92,93,101,470;117,463,472,473
0
0

- Stone Tower Boss Key
117
4,120,461;463;0,93,119;0,270
0
0

- Stone Tower Key 1 - armos room
116
25,463,473;462,472,473;4,92,101,120,461;25,92,101,119;93,119,470,472,473;93,119,470,472,10;10,92,101,478;4,93,120,470,461
0
0

- Stone Tower Key 2 - eyegore room
116
93,463;93,119,472;478,463;478,119,472;4,93,120,461;4,120,478,461;92,101,470
0
0

- Stone Tower Key 3 - updraft room
117
4,120,461;463;119,472
0
0

- Stone Tower Key 4 - death armos maze

116,119,472,473;117,463;93,101,117,119;10,93,117,119,478;0,10,117,119,478,472;0,101,117,119,472;0,4,101,117,120,461;0,4,10,117,120,478,461;4,10,92,117,120,478,461;4,10,93,117,120,478,461;4,10,117,119,120,478,472,461;101,117,270;10,117,270,478
0
0

- Trading Post Red Potion
464

0
0

- Trading Post Green Potion
464

0
0

- Trading Post Shield


0
0

- Trading Post Fairy
464

0
0

- Trading Post Stick


0
0

- Trading Post Arrow 30


0
0

- Trading Post Nut 10


0
0

- Trading Post Arrow 50


0
0

- Witch Shop Blue Potion
175,464

0
0

- Witch Shop Red Potion
464

0
0

- Witch Shop Green Potion
464

0
0

- Bomb Shop Bomb 10


0
0

- Bomb Shop Chu 10


0
0

- Goron Shop Bomb 10
106

0
0

- Goron Shop Arrow 10
106

0
0

- Goron Shop Red Potion
106,464

0
0

- Zora Shop Shield
110

0
0

- Zora Shop Arrow 10
110

0
0

- Zora Shop Red Potion
110,464

0
0

- Bottle: Fairy


0
0

- Bottle: Deku Princess
105,467

0
0

- Bottle: Fish


0
0

- Bottle: Bug


0
0

- Bottle: Poe
117
463;0,4,120,461;0,119,472;4,10,92,120,461;4,10,93,120,461;4,10,119,120,472,461;270
0
0

- Bottle: Big Poe
467
90,114;0,114,119,472,473;93,114,119,472,473;92,114;114,463,472,473;98,114;88,103,115,463;4,88,115,120,463,461;10,88,115,463,472;93,115,462,472,473;114,119,270,472,473;115,270,462,472,473
0
32

- Bottle: Spring Water


0
0

- Bottle: Hot Spring Water

92,106;106,119,472;88,115,168,155,464;88,115,168,418,464;106,120,472;2,106,120,461;106,108;106,173,464
0
0

- Bottle: Zora Egg
110,93
168;467
0
0

- Bottle: Mushroom
81

0
0

- Lens Cave 20r
106

0
0

- Lens Cave 50r
106,119

0
0

- Bean Grotto 20r
103
172,464;173,464;97;10;465,472,473
0
0

- HSW Grotto 20r
106,119
173,464;472;108
0
0

- Graveyard Bad Bats
114

0
0

- Ikana Grotto
115

0
0

- PF 20r Lower
111

0
0

- PF 20r Upper
111
465,472,473;10
0
0

- PF Tank 20r
93,111
463,472,473;10
0
0

- PF Guard Room 100r
111

0
0

- PF HP Room 20r
93
0,111;92,110
0
0

- PF HP Room 5r
93
0,111;92,110
0
0

- PF Maze 20r
93
0,111;92,110
0
0

- PR 20r (1)
93,110

0
0

- PR 20r (2)
93,110

0
0

- Bombers' Hideout 100r
119

0
0

- Termina Bombchu Grotto


0
0

- Termina 20r Grotto


0
0

- Termina Underwater 20r
93

0
0

- Termina Grass 20r


0
0

- Termina Stump 20r


0
0

- Great Bay Coast Grotto
110

0
0

- Great Bay Cape Ledge (1)
10,110

0
0

- Great Bay Cape Ledge (2)
10,110

0
0

- Great Bay Cape Grotto
110
92;119
0
0

- Great Bay Cape Underwater
93,110

0
0

- PF Exterior 20r (1)
93,110

0
0

- PF Exterior 20r (2)
93,110

0
0

- PF Exterior 20r (3)
93,110

0
0

- Path to Swamp Grotto


0
0

- Doggy Racetrack 50r


0
48

- Graveyard Grotto
114,119

0
0

- Swamp Grotto
474

0
0

- Woodfall 5r
103
465,472,473;0;10,93,463,472,473;10,270
0
0

- Woodfall 20r
103
465,472,473;0;93,463,472,473;270
0
0

- Well Right Path 50r
88,115,169,464
103,168;93,462,472,473;4,120,461;10,463,472;270,462,472,473
0
0

- Well Left Path 50r
115,88,169,464
155,172;155,173;418,172;418,173
0
0

- Mountain Village Chest (Spring)
108

0
0

- Mountain Village Grotto (Spring) 20r
108

0
0

- Path to Ikana 20r

10;465,472,473
0
0

- Path to Ikana Grotto

463,472,473;92
0
0

- Stone Tower 100r
116,4,120,461
6,172,464;6,173,464;6,97;172,219,464;173,219,464;97,219;103,172,464;103,173,464;97,103;10,462,472,473;10,74,463,472,473
0
0

- Stone Tower Bombchu 10
116,4,120,461
6,172,464;6,173,464;6,97;172,219,464;173,219,464;97,219;103,172,464;103,173,464;97,103;10,462,472,473;10,74,463,472,473
0
0

- Stone Tower Magic Bean
116,4,120,461
6,172,464;6,173,464;6,97;172,219,464;173,219,464;97,219;103,172,464;103,173,464;97,103;10,462,472,473;10,74,463,472,473
0
0

- Path to Snowhead Grotto
106,119
92;465,472,473;270
0
0

- Twin Islands 20r
93,108

0
0

- Secret Shrine HP
4,115,120,461

0
0

- Secret Shrine Dinolfos
4,115,120,461

0
0

- Secret Shrine Wizzrobe
4,115,120,461

0
0

- Secret Shrine Wart
4,115,120,461

0
0

- Secret Shrine Garo Master
4,115,120,461

0
0

- Inn Staff Room


0
32

- Inn Guest Room
37

0
0

- Mystery Woods Grotto


0
12

- East Clock Town 100r


0
0

- South Clock Town 20r


0
0

- South Clock Town 50r

10;463,472,473;0,32;270
0
48

- Bank HP


0
0

- South Clock Town HP


0
0

- North Clock Town HP


0
0

- Path to Swamp HP


0
0

- Swamp Scrub HP

0,33;92;119,472,473;270
0
0

- Deku Palace HP
103

0
0

- Goron Village Scrub HP
106
0,34;463,472,473
0
0

- Bio Baba Grotto HP
93

0
62

- Lab Fish HP
168,464,110

0
0

- Great Bay Like-Like HP
93,110

0
0

- Pirates' Fortress HP

0,111,472,473;92,93,110;0,93,111
0
0

- Zora Hall Scrub HP
110
119;93;113
0
0

- Path to Snowhead HP
106
10,92;465,472,473;270
0
0

- Great Bay Coast HP
110
10,463;465,472,473;6,10,172,464;6,10,173,464;6,10,97;10,270
0
0

- Ikana Scrub HP
115
463,472,473;0,36,93;93,97;270
0
0

- Ikana Castle HP
115,2,120,461
92,463;0,93;463,472,473;0,270
0
0

- Odolwa Heart Container
104
10,128;462,472,473;74,463,472,473;93,463,472,473;0,120,128;0,128,129;128,463,472,473;119,120,128,270
0
0

- Goht Heart Container
107,2,120,461
92,132;463,472,473
0
0

- Gyorg Heart Container
112
93;465,472,473;138,270,461,473
0
0

- Twinmold Heart Container
117
4,10,120,142,461;120,463,472,473;91,461,463,472,473;10,120,463,472;0,10,91,92,461,463,472;0,10,91,93,461,463,472
0
0

- Map: Clock Town

473;0,461;10;93;120;270
0
21

- Map: Woodfall

473;0,461;10;93;120;270
0
21

- Map: Snowhead

0;10;93;120;462,472,473;270
0
0

- Map: Romani Ranch

0;10;93;120;462,472,473;270
0
0

- Map: Great Bay

0;10;93;120;462,472,473;270
0
0

- Map: Stone Tower

110,120;10,110;115,120;10,115;0,115,461;93,115;115,462,472,473
0
0

- Goron Racetrack Grotto
106,119
10;463,472,473;92
0
0

- Ikana Scrub 200r
115,93,36

0
0

- One Mask

72;73;74;75;76;77;78;79;80;81;82;83;84;85;86;87;88;89;90;91
0
0

- Two Masks

72,73;72,74;72,75;72,76;72,77;72,78;72,79;72,80;72,81;72,82;72,83;72,84;72,85;72,86;72,87;72,88;72,89;72,90;72,91;73,74;73,75;73,76;73,77;73,78;73,79;73,80;73,81;73,82;73,83;73,84;73,85;73,86;73,87;73,88;73,89;73,90;73,91;74,75;74,76;74,77;74,78;74,79;74,80;74,81;74,82;74,83;74,84;74,85;74,86;74,87;74,88;74,89;74,90;74,91;75,76;75,77;75,78;75,79;75,80;75,81;75,82;75,83;75,84;75,85;75,86;75,87;75,88;75,89;75,90;75,91;76,77;76,78;76,79;76,80;76,81;76,82;76,83;76,84;76,85;76,86;76,87;76,88;76,89;76,90;76,91;77,78;77,79;77,80;77,81;77,82;77,83;77,84;77,85;77,86;77,87;77,88;77,89;77,90;77,91;78,79;78,80;78,81;78,82;78,83;78,84;78,85;78,86;78,87;78,88;78,89;78,90;78,91;79,80;79,81;79,82;79,83;79,84;79,85;79,86;79,87;79,88;79,89;79,90;79,91;80,81;80,82;80,83;80,84;80,85;80,86;80,87;80,88;80,89;80,90;80,91;81,82;81,83;81,84;81,85;81,86;81,87;81,88;81,89;81,90;81,91;82,83;82,84;82,85;82,86;82,87;82,88;82,89;82,90;82,91;83,84;83,85;83,86;83,87;83,88;83,89;83,90;83,91;84,85;84,86;84,87;84,88;84,89;84,90;84,91;85,86;85,87;85,88;85,89;85,90;85,91;86,87;86,88;86,89;86,90;86,91;87,88;87,89;87,90;87,91;88,89;88,90;88,91;89,90;89,91;90,91
0
0

- Three Masks

72,73,74;72,73,75;72,73,76;72,73,77;72,73,78;72,73,79;72,73,80;72,73,81;72,73,82;72,73,83;72,73,84;72,73,85;72,73,86;72,73,87;72,73,88;72,73,89;72,73,90;72,73,91;72,74,75;72,74,76;72,74,77;72,74,78;72,74,79;72,74,80;72,74,81;72,74,82;72,74,83;72,74,84;72,74,85;72,74,86;72,74,87;72,74,88;72,74,89;72,74,90;72,74,91;72,75,76;72,75,77;72,75,78;72,75,79;72,75,80;72,75,81;72,75,82;72,75,83;72,75,84;72,75,85;72,75,86;72,75,87;72,75,88;72,75,89;72,75,90;72,75,91;72,76,77;72,76,78;72,76,79;72,76,80;72,76,81;72,76,82;72,76,83;72,76,84;72,76,85;72,76,86;72,76,87;72,76,88;72,76,89;72,76,90;72,76,91;72,77,78;72,77,79;72,77,80;72,77,81;72,77,82;72,77,83;72,77,84;72,77,85;72,77,86;72,77,87;72,77,88;72,77,89;72,77,90;72,77,91;72,78,79;72,78,80;72,78,81;72,78,82;72,78,83;72,78,84;72,78,85;72,78,86;72,78,87;72,78,88;72,78,89;72,78,90;72,78,91;72,79,80;72,79,81;72,79,82;72,79,83;72,79,84;72,79,85;72,79,86;72,79,87;72,79,88;72,79,89;72,79,90;72,79,91;72,80,81;72,80,82;72,80,83;72,80,84;72,80,85;72,80,86;72,80,87;72,80,88;72,80,89;72,80,90;72,80,91;72,81,82;72,81,83;72,81,84;72,81,85;72,81,86;72,81,87;72,81,88;72,81,89;72,81,90;72,81,91;72,82,83;72,82,84;72,82,85;72,82,86;72,82,87;72,82,88;72,82,89;72,82,90;72,82,91;72,83,84;72,83,85;72,83,86;72,83,87;72,83,88;72,83,89;72,83,90;72,83,91;72,84,85;72,84,86;72,84,87;72,84,88;72,84,89;72,84,90;72,84,91;72,85,86;72,85,87;72,85,88;72,85,89;72,85,90;72,85,91;72,86,87;72,86,88;72,86,89;72,86,90;72,86,91;72,87,88;72,87,89;72,87,90;72,87,91;72,88,89;72,88,90;72,88,91;72,89,90;72,89,91;72,90,91;73,74,75;73,74,76;73,74,77;73,74,78;73,74,79;73,74,80;73,74,81;73,74,82;73,74,83;73,74,84;73,74,85;73,74,86;73,74,87;73,74,88;73,74,89;73,74,90;73,74,91;73,75,76;73,75,77;73,75,78;73,75,79;73,75,80;73,75,81;73,75,82;73,75,83;73,75,84;73,75,85;73,75,86;73,75,87;73,75,88;73,75,89;73,75,90;73,75,91;73,76,77;73,76,78;73,76,79;73,76,80;73,76,81;73,76,82;73,76,83;73,76,84;73,76,85;73,76,86;73,76,87;73,76,88;73,76,89;73,76,90;73,76,91;73,77,78;73,77,79;73,77,80;73,77,81;73,77,82;73,77,83;73,77,84;73,77,85;73,77,86;73,77,87;73,77,88;73,77,89;73,77,90;73,77,91;73,78,79;73,78,80;73,78,81;73,78,82;73,78,83;73,78,84;73,78,85;73,78,86;73,78,87;73,78,88;73,78,89;73,78,90;73,78,91;73,79,80;73,79,81;73,79,82;73,79,83;73,79,84;73,79,85;73,79,86;73,79,87;73,79,88;73,79,89;73,79,90;73,79,91;73,80,81;73,80,82;73,80,83;73,80,84;73,80,85;73,80,86;73,80,87;73,80,88;73,80,89;73,80,90;73,80,91;73,81,82;73,81,83;73,81,84;73,81,85;73,81,86;73,81,87;73,81,88;73,81,89;73,81,90;73,81,91;73,82,83;73,82,84;73,82,85;73,82,86;73,82,87;73,82,88;73,82,89;73,82,90;73,82,91;73,83,84;73,83,85;73,83,86;73,83,87;73,83,88;73,83,89;73,83,90;73,83,91;73,84,85;73,84,86;73,84,87;73,84,88;73,84,89;73,84,90;73,84,91;73,85,86;73,85,87;73,85,88;73,85,89;73,85,90;73,85,91;73,86,87;73,86,88;73,86,89;73,86,90;73,86,91;73,87,88;73,87,89;73,87,90;73,87,91;73,88,89;73,88,90;73,88,91;73,89,90;73,89,91;73,90,91;74,75,76;74,75,77;74,75,78;74,75,79;74,75,80;74,75,81;74,75,82;74,75,83;74,75,84;74,75,85;74,75,86;74,75,87;74,75,88;74,75,89;74,75,90;74,75,91;74,76,77;74,76,78;74,76,79;74,76,80;74,76,81;74,76,82;74,76,83;74,76,84;74,76,85;74,76,86;74,76,87;74,76,88;74,76,89;74,76,90;74,76,91;74,77,78;74,77,79;74,77,80;74,77,81;74,77,82;74,77,83;74,77,84;74,77,85;74,77,86;74,77,87;74,77,88;74,77,89;74,77,90;74,77,91;74,78,79;74,78,80;74,78,81;74,78,82;74,78,83;74,78,84;74,78,85;74,78,86;74,78,87;74,78,88;74,78,89;74,78,90;74,78,91;74,79,80;74,79,81;74,79,82;74,79,83;74,79,84;74,79,85;74,79,86;74,79,87;74,79,88;74,79,89;74,79,90;74,79,91;74,80,81;74,80,82;74,80,83;74,80,84;74,80,85;74,80,86;74,80,87;74,80,88;74,80,89;74,80,90;74,80,91;74,81,82;74,81,83;74,81,84;74,81,85;74,81,86;74,81,87;74,81,88;74,81,89;74,81,90;74,81,91;74,82,83;74,82,84;74,82,85;74,82,86;74,82,87;74,82,88;74,82,89;74,82,90;74,82,91;74,83,84;74,83,85;74,83,86;74,83,87;74,83,88;74,83,89;74,83,90;74,83,91;74,84,85;74,84,86;74,84,87;74,84,88;74,84,89;74,84,90;74,84,91;74,85,86;74,85,87;74,85,88;74,85,89;74,85,90;74,85,91;74,86,87;74,86,88;74,86,89;74,86,90;74,86,91;74,87,88;74,87,89;74,87,90;74,87,91;74,88,89;74,88,90;74,88,91;74,89,90;74,89,91;74,90,91;75,76,77;75,76,78;75,76,79;75,76,80;75,76,81;75,76,82;75,76,83;75,76,84;75,76,85;75,76,86;75,76,87;75,76,88;75,76,89;75,76,90;75,76,91;75,77,78;75,77,79;75,77,80;75,77,81;75,77,82;75,77,83;75,77,84;75,77,85;75,77,86;75,77,87;75,77,88;75,77,89;75,77,90;75,77,91;75,78,79;75,78,80;75,78,81;75,78,82;75,78,83;75,78,84;75,78,85;75,78,86;75,78,87;75,78,88;75,78,89;75,78,90;75,78,91;75,79,80;75,79,81;75,79,82;75,79,83;75,79,84;75,79,85;75,79,86;75,79,87;75,79,88;75,79,89;75,79,90;75,79,91;75,80,81;75,80,82;75,80,83;75,80,84;75,80,85;75,80,86;75,80,87;75,80,88;75,80,89;75,80,90;75,80,91;75,81,82;75,81,83;75,81,84;75,81,85;75,81,86;75,81,87;75,81,88;75,81,89;75,81,90;75,81,91;75,82,83;75,82,84;75,82,85;75,82,86;75,82,87;75,82,88;75,82,89;75,82,90;75,82,91;75,83,84;75,83,85;75,83,86;75,83,87;75,83,88;75,83,89;75,83,90;75,83,91;75,84,85;75,84,86;75,84,87;75,84,88;75,84,89;75,84,90;75,84,91;75,85,86;75,85,87;75,85,88;75,85,89;75,85,90;75,85,91;75,86,87;75,86,88;75,86,89;75,86,90;75,86,91;75,87,88;75,87,89;75,87,90;75,87,91;75,88,89;75,88,90;75,88,91;75,89,90;75,89,91;75,90,91;76,77,78;76,77,79;76,77,80;76,77,81;76,77,82;76,77,83;76,77,84;76,77,85;76,77,86;76,77,87;76,77,88;76,77,89;76,77,90;76,77,91;76,78,79;76,78,80;76,78,81;76,78,82;76,78,83;76,78,84;76,78,85;76,78,86;76,78,87;76,78,88;76,78,89;76,78,90;76,78,91;76,79,80;76,79,81;76,79,82;76,79,83;76,79,84;76,79,85;76,79,86;76,79,87;76,79,88;76,79,89;76,79,90;76,79,91;76,80,81;76,80,82;76,80,83;76,80,84;76,80,85;76,80,86;76,80,87;76,80,88;76,80,89;76,80,90;76,80,91;76,81,82;76,81,83;76,81,84;76,81,85;76,81,86;76,81,87;76,81,88;76,81,89;76,81,90;76,81,91;76,82,83;76,82,84;76,82,85;76,82,86;76,82,87;76,82,88;76,82,89;76,82,90;76,82,91;76,83,84;76,83,85;76,83,86;76,83,87;76,83,88;76,83,89;76,83,90;76,83,91;76,84,85;76,84,86;76,84,87;76,84,88;76,84,89;76,84,90;76,84,91;76,85,86;76,85,87;76,85,88;76,85,89;76,85,90;76,85,91;76,86,87;76,86,88;76,86,89;76,86,90;76,86,91;76,87,88;76,87,89;76,87,90;76,87,91;76,88,89;76,88,90;76,88,91;76,89,90;76,89,91;76,90,91;77,78,79;77,78,80;77,78,81;77,78,82;77,78,83;77,78,84;77,78,85;77,78,86;77,78,87;77,78,88;77,78,89;77,78,90;77,78,91;77,79,80;77,79,81;77,79,82;77,79,83;77,79,84;77,79,85;77,79,86;77,79,87;77,79,88;77,79,89;77,79,90;77,79,91;77,80,81;77,80,82;77,80,83;77,80,84;77,80,85;77,80,86;77,80,87;77,80,88;77,80,89;77,80,90;77,80,91;77,81,82;77,81,83;77,81,84;77,81,85;77,81,86;77,81,87;77,81,88;77,81,89;77,81,90;77,81,91;77,82,83;77,82,84;77,82,85;77,82,86;77,82,87;77,82,88;77,82,89;77,82,90;77,82,91;77,83,84;77,83,85;77,83,86;77,83,87;77,83,88;77,83,89;77,83,90;77,83,91;77,84,85;77,84,86;77,84,87;77,84,88;77,84,89;77,84,90;77,84,91;77,85,86;77,85,87;77,85,88;77,85,89;77,85,90;77,85,91;77,86,87;77,86,88;77,86,89;77,86,90;77,86,91;77,87,88;77,87,89;77,87,90;77,87,91;77,88,89;77,88,90;77,88,91;77,89,90;77,89,91;77,90,91;78,79,80;78,79,81;78,79,82;78,79,83;78,79,84;78,79,85;78,79,86;78,79,87;78,79,88;78,79,89;78,79,90;78,79,91;78,80,81;78,80,82;78,80,83;78,80,84;78,80,85;78,80,86;78,80,87;78,80,88;78,80,89;78,80,90;78,80,91;78,81,82;78,81,83;78,81,84;78,81,85;78,81,86;78,81,87;78,81,88;78,81,89;78,81,90;78,81,91;78,82,83;78,82,84;78,82,85;78,82,86;78,82,87;78,82,88;78,82,89;78,82,90;78,82,91;78,83,84;78,83,85;78,83,86;78,83,87;78,83,88;78,83,89;78,83,90;78,83,91;78,84,85;78,84,86;78,84,87;78,84,88;78,84,89;78,84,90;78,84,91;78,85,86;78,85,87;78,85,88;78,85,89;78,85,90;78,85,91;78,86,87;78,86,88;78,86,89;78,86,90;78,86,91;78,87,88;78,87,89;78,87,90;78,87,91;78,88,89;78,88,90;78,88,91;78,89,90;78,89,91;78,90,91;79,80,81;79,80,82;79,80,83;79,80,84;79,80,85;79,80,86;79,80,87;79,80,88;79,80,89;79,80,90;79,80,91;79,81,82;79,81,83;79,81,84;79,81,85;79,81,86;79,81,87;79,81,88;79,81,89;79,81,90;79,81,91;79,82,83;79,82,84;79,82,85;79,82,86;79,82,87;79,82,88;79,82,89;79,82,90;79,82,91;79,83,84;79,83,85;79,83,86;79,83,87;79,83,88;79,83,89;79,83,90;79,83,91;79,84,85;79,84,86;79,84,87;79,84,88;79,84,89;79,84,90;79,84,91;79,85,86;79,85,87;79,85,88;79,85,89;79,85,90;79,85,91;79,86,87;79,86,88;79,86,89;79,86,90;79,86,91;79,87,88;79,87,89;79,87,90;79,87,91;79,88,89;79,88,90;79,88,91;79,89,90;79,89,91;79,90,91;80,81,82;80,81,83;80,81,84;80,81,85;80,81,86;80,81,87;80,81,88;80,81,89;80,81,90;80,81,91;80,82,83;80,82,84;80,82,85;80,82,86;80,82,87;80,82,88;80,82,89;80,82,90;80,82,91;80,83,84;80,83,85;80,83,86;80,83,87;80,83,88;80,83,89;80,83,90;80,83,91;80,84,85;80,84,86;80,84,87;80,84,88;80,84,89;80,84,90;80,84,91;80,85,86;80,85,87;80,85,88;80,85,89;80,85,90;80,85,91;80,86,87;80,86,88;80,86,89;80,86,90;80,86,91;80,87,88;80,87,89;80,87,90;80,87,91;80,88,89;80,88,90;80,88,91;80,89,90;80,89,91;80,90,91;81,82,83;81,82,84;81,82,85;81,82,86;81,82,87;81,82,88;81,82,89;81,82,90;81,82,91;81,83,84;81,83,85;81,83,86;81,83,87;81,83,88;81,83,89;81,83,90;81,83,91;81,84,85;81,84,86;81,84,87;81,84,88;81,84,89;81,84,90;81,84,91;81,85,86;81,85,87;81,85,88;81,85,89;81,85,90;81,85,91;81,86,87;81,86,88;81,86,89;81,86,90;81,86,91;81,87,88;81,87,89;81,87,90;81,87,91;81,88,89;81,88,90;81,88,91;81,89,90;81,89,91;81,90,91;82,83,84;82,83,85;82,83,86;82,83,87;82,83,88;82,83,89;82,83,90;82,83,91;82,84,85;82,84,86;82,84,87;82,84,88;82,84,89;82,84,90;82,84,91;82,85,86;82,85,87;82,85,88;82,85,89;82,85,90;82,85,91;82,86,87;82,86,88;82,86,89;82,86,90;82,86,91;82,87,88;82,87,89;82,87,90;82,87,91;82,88,89;82,88,90;82,88,91;82,89,90;82,89,91;82,90,91;83,84,85;83,84,86;83,84,87;83,84,88;83,84,89;83,84,90;83,84,91;83,85,86;83,85,87;83,85,88;83,85,89;83,85,90;83,85,91;83,86,87;83,86,88;83,86,89;83,86,90;83,86,91;83,87,88;83,87,89;83,87,90;83,87,91;83,88,89;83,88,90;83,88,91;83,89,90;83,89,91;83,90,91;84,85,86;84,85,87;84,85,88;84,85,89;84,85,90;84,85,91;84,86,87;84,86,88;84,86,89;84,86,90;84,86,91;84,87,88;84,87,89;84,87,90;84,87,91;84,88,89;84,88,90;84,88,91;84,89,90;84,89,91;84,90,91;85,86,87;85,86,88;85,86,89;85,86,90;85,86,91;85,87,88;85,87,89;85,87,90;85,87,91;85,88,89;85,88,90;85,88,91;85,89,90;85,89,91;85,90,91;86,87,88;86,87,89;86,87,90;86,87,91;86,88,89;86,88,90;86,88,91;86,89,90;86,89,91;86,90,91;87,88,89;87,88,90;87,88,91;87,89,90;87,89,91;87,90,91;88,89,90;88,89,91;88,90,91;89,90,91
0
0

- Four Masks

72,73,74,75;72,73,74,76;72,73,74,77;72,73,74,78;72,73,74,79;72,73,74,80;72,73,74,81;72,73,74,82;72,73,74,83;72,73,74,84;72,73,74,85;72,73,74,86;72,73,74,87;72,73,74,88;72,73,74,89;72,73,74,90;72,73,74,91;72,73,75,76;72,73,75,77;72,73,75,78;72,73,75,79;72,73,75,80;72,73,75,81;72,73,75,82;72,73,75,83;72,73,75,84;72,73,75,85;72,73,75,86;72,73,75,87;72,73,75,88;72,73,75,89;72,73,75,90;72,73,75,91;72,73,76,77;72,73,76,78;72,73,76,79;72,73,76,80;72,73,76,81;72,73,76,82;72,73,76,83;72,73,76,84;72,73,76,85;72,73,76,86;72,73,76,87;72,73,76,88;72,73,76,89;72,73,76,90;72,73,76,91;72,73,77,78;72,73,77,79;72,73,77,80;72,73,77,81;72,73,77,82;72,73,77,83;72,73,77,84;72,73,77,85;72,73,77,86;72,73,77,87;72,73,77,88;72,73,77,89;72,73,77,90;72,73,77,91;72,73,78,79;72,73,78,80;72,73,78,81;72,73,78,82;72,73,78,83;72,73,78,84;72,73,78,85;72,73,78,86;72,73,78,87;72,73,78,88;72,73,78,89;72,73,78,90;72,73,78,91;72,73,79,80;72,73,79,81;72,73,79,82;72,73,79,83;72,73,79,84;72,73,79,85;72,73,79,86;72,73,79,87;72,73,79,88;72,73,79,89;72,73,79,90;72,73,79,91;72,73,80,81;72,73,80,82;72,73,80,83;72,73,80,84;72,73,80,85;72,73,80,86;72,73,80,87;72,73,80,88;72,73,80,89;72,73,80,90;72,73,80,91;72,73,81,82;72,73,81,83;72,73,81,84;72,73,81,85;72,73,81,86;72,73,81,87;72,73,81,88;72,73,81,89;72,73,81,90;72,73,81,91;72,73,82,83;72,73,82,84;72,73,82,85;72,73,82,86;72,73,82,87;72,73,82,88;72,73,82,89;72,73,82,90;72,73,82,91;72,73,83,84;72,73,83,85;72,73,83,86;72,73,83,87;72,73,83,88;72,73,83,89;72,73,83,90;72,73,83,91;72,73,84,85;72,73,84,86;72,73,84,87;72,73,84,88;72,73,84,89;72,73,84,90;72,73,84,91;72,73,85,86;72,73,85,87;72,73,85,88;72,73,85,89;72,73,85,90;72,73,85,91;72,73,86,87;72,73,86,88;72,73,86,89;72,73,86,90;72,73,86,91;72,73,87,88;72,73,87,89;72,73,87,90;72,73,87,91;72,73,88,89;72,73,88,90;72,73,88,91;72,73,89,90;72,73,89,91;72,73,90,91;72,74,75,76;72,74,75,77;72,74,75,78;72,74,75,79;72,74,75,80;72,74,75,81;72,74,75,82;72,74,75,83;72,74,75,84;72,74,75,85;72,74,75,86;72,74,75,87;72,74,75,88;72,74,75,89;72,74,75,90;72,74,75,91;72,74,76,77;72,74,76,78;72,74,76,79;72,74,76,80;72,74,76,81;72,74,76,82;72,74,76,83;72,74,76,84;72,74,76,85;72,74,76,86;72,74,76,87;72,74,76,88;72,74,76,89;72,74,76,90;72,74,76,91;72,74,77,78;72,74,77,79;72,74,77,80;72,74,77,81;72,74,77,82;72,74,77,83;72,74,77,84;72,74,77,85;72,74,77,86;72,74,77,87;72,74,77,88;72,74,77,89;72,74,77,90;72,74,77,91;72,74,78,79;72,74,78,80;72,74,78,81;72,74,78,82;72,74,78,83;72,74,78,84;72,74,78,85;72,74,78,86;72,74,78,87;72,74,78,88;72,74,78,89;72,74,78,90;72,74,78,91;72,74,79,80;72,74,79,81;72,74,79,82;72,74,79,83;72,74,79,84;72,74,79,85;72,74,79,86;72,74,79,87;72,74,79,88;72,74,79,89;72,74,79,90;72,74,79,91;72,74,80,81;72,74,80,82;72,74,80,83;72,74,80,84;72,74,80,85;72,74,80,86;72,74,80,87;72,74,80,88;72,74,80,89;72,74,80,90;72,74,80,91;72,74,81,82;72,74,81,83;72,74,81,84;72,74,81,85;72,74,81,86;72,74,81,87;72,74,81,88;72,74,81,89;72,74,81,90;72,74,81,91;72,74,82,83;72,74,82,84;72,74,82,85;72,74,82,86;72,74,82,87;72,74,82,88;72,74,82,89;72,74,82,90;72,74,82,91;72,74,83,84;72,74,83,85;72,74,83,86;72,74,83,87;72,74,83,88;72,74,83,89;72,74,83,90;72,74,83,91;72,74,84,85;72,74,84,86;72,74,84,87;72,74,84,88;72,74,84,89;72,74,84,90;72,74,84,91;72,74,85,86;72,74,85,87;72,74,85,88;72,74,85,89;72,74,85,90;72,74,85,91;72,74,86,87;72,74,86,88;72,74,86,89;72,74,86,90;72,74,86,91;72,74,87,88;72,74,87,89;72,74,87,90;72,74,87,91;72,74,88,89;72,74,88,90;72,74,88,91;72,74,89,90;72,74,89,91;72,74,90,91;72,75,76,77;72,75,76,78;72,75,76,79;72,75,76,80;72,75,76,81;72,75,76,82;72,75,76,83;72,75,76,84;72,75,76,85;72,75,76,86;72,75,76,87;72,75,76,88;72,75,76,89;72,75,76,90;72,75,76,91;72,75,77,78;72,75,77,79;72,75,77,80;72,75,77,81;72,75,77,82;72,75,77,83;72,75,77,84;72,75,77,85;72,75,77,86;72,75,77,87;72,75,77,88;72,75,77,89;72,75,77,90;72,75,77,91;72,75,78,79;72,75,78,80;72,75,78,81;72,75,78,82;72,75,78,83;72,75,78,84;72,75,78,85;72,75,78,86;72,75,78,87;72,75,78,88;72,75,78,89;72,75,78,90;72,75,78,91;72,75,79,80;72,75,79,81;72,75,79,82;72,75,79,83;72,75,79,84;72,75,79,85;72,75,79,86;72,75,79,87;72,75,79,88;72,75,79,89;72,75,79,90;72,75,79,91;72,75,80,81;72,75,80,82;72,75,80,83;72,75,80,84;72,75,80,85;72,75,80,86;72,75,80,87;72,75,80,88;72,75,80,89;72,75,80,90;72,75,80,91;72,75,81,82;72,75,81,83;72,75,81,84;72,75,81,85;72,75,81,86;72,75,81,87;72,75,81,88;72,75,81,89;72,75,81,90;72,75,81,91;72,75,82,83;72,75,82,84;72,75,82,85;72,75,82,86;72,75,82,87;72,75,82,88;72,75,82,89;72,75,82,90;72,75,82,91;72,75,83,84;72,75,83,85;72,75,83,86;72,75,83,87;72,75,83,88;72,75,83,89;72,75,83,90;72,75,83,91;72,75,84,85;72,75,84,86;72,75,84,87;72,75,84,88;72,75,84,89;72,75,84,90;72,75,84,91;72,75,85,86;72,75,85,87;72,75,85,88;72,75,85,89;72,75,85,90;72,75,85,91;72,75,86,87;72,75,86,88;72,75,86,89;72,75,86,90;72,75,86,91;72,75,87,88;72,75,87,89;72,75,87,90;72,75,87,91;72,75,88,89;72,75,88,90;72,75,88,91;72,75,89,90;72,75,89,91;72,75,90,91;72,76,77,78;72,76,77,79;72,76,77,80;72,76,77,81;72,76,77,82;72,76,77,83;72,76,77,84;72,76,77,85;72,76,77,86;72,76,77,87;72,76,77,88;72,76,77,89;72,76,77,90;72,76,77,91;72,76,78,79;72,76,78,80;72,76,78,81;72,76,78,82;72,76,78,83;72,76,78,84;72,76,78,85;72,76,78,86;72,76,78,87;72,76,78,88;72,76,78,89;72,76,78,90;72,76,78,91;72,76,79,80;72,76,79,81;72,76,79,82;72,76,79,83;72,76,79,84;72,76,79,85;72,76,79,86;72,76,79,87;72,76,79,88;72,76,79,89;72,76,79,90;72,76,79,91;72,76,80,81;72,76,80,82;72,76,80,83;72,76,80,84;72,76,80,85;72,76,80,86;72,76,80,87;72,76,80,88;72,76,80,89;72,76,80,90;72,76,80,91;72,76,81,82;72,76,81,83;72,76,81,84;72,76,81,85;72,76,81,86;72,76,81,87;72,76,81,88;72,76,81,89;72,76,81,90;72,76,81,91;72,76,82,83;72,76,82,84;72,76,82,85;72,76,82,86;72,76,82,87;72,76,82,88;72,76,82,89;72,76,82,90;72,76,82,91;72,76,83,84;72,76,83,85;72,76,83,86;72,76,83,87;72,76,83,88;72,76,83,89;72,76,83,90;72,76,83,91;72,76,84,85;72,76,84,86;72,76,84,87;72,76,84,88;72,76,84,89;72,76,84,90;72,76,84,91;72,76,85,86;72,76,85,87;72,76,85,88;72,76,85,89;72,76,85,90;72,76,85,91;72,76,86,87;72,76,86,88;72,76,86,89;72,76,86,90;72,76,86,91;72,76,87,88;72,76,87,89;72,76,87,90;72,76,87,91;72,76,88,89;72,76,88,90;72,76,88,91;72,76,89,90;72,76,89,91;72,76,90,91;72,77,78,79;72,77,78,80;72,77,78,81;72,77,78,82;72,77,78,83;72,77,78,84;72,77,78,85;72,77,78,86;72,77,78,87;72,77,78,88;72,77,78,89;72,77,78,90;72,77,78,91;72,77,79,80;72,77,79,81;72,77,79,82;72,77,79,83;72,77,79,84;72,77,79,85;72,77,79,86;72,77,79,87;72,77,79,88;72,77,79,89;72,77,79,90;72,77,79,91;72,77,80,81;72,77,80,82;72,77,80,83;72,77,80,84;72,77,80,85;72,77,80,86;72,77,80,87;72,77,80,88;72,77,80,89;72,77,80,90;72,77,80,91;72,77,81,82;72,77,81,83;72,77,81,84;72,77,81,85;72,77,81,86;72,77,81,87;72,77,81,88;72,77,81,89;72,77,81,90;72,77,81,91;72,77,82,83;72,77,82,84;72,77,82,85;72,77,82,86;72,77,82,87;72,77,82,88;72,77,82,89;72,77,82,90;72,77,82,91;72,77,83,84;72,77,83,85;72,77,83,86;72,77,83,87;72,77,83,88;72,77,83,89;72,77,83,90;72,77,83,91;72,77,84,85;72,77,84,86;72,77,84,87;72,77,84,88;72,77,84,89;72,77,84,90;72,77,84,91;72,77,85,86;72,77,85,87;72,77,85,88;72,77,85,89;72,77,85,90;72,77,85,91;72,77,86,87;72,77,86,88;72,77,86,89;72,77,86,90;72,77,86,91;72,77,87,88;72,77,87,89;72,77,87,90;72,77,87,91;72,77,88,89;72,77,88,90;72,77,88,91;72,77,89,90;72,77,89,91;72,77,90,91;72,78,79,80;72,78,79,81;72,78,79,82;72,78,79,83;72,78,79,84;72,78,79,85;72,78,79,86;72,78,79,87;72,78,79,88;72,78,79,89;72,78,79,90;72,78,79,91;72,78,80,81;72,78,80,82;72,78,80,83;72,78,80,84;72,78,80,85;72,78,80,86;72,78,80,87;72,78,80,88;72,78,80,89;72,78,80,90;72,78,80,91;72,78,81,82;72,78,81,83;72,78,81,84;72,78,81,85;72,78,81,86;72,78,81,87;72,78,81,88;72,78,81,89;72,78,81,90;72,78,81,91;72,78,82,83;72,78,82,84;72,78,82,85;72,78,82,86;72,78,82,87;72,78,82,88;72,78,82,89;72,78,82,90;72,78,82,91;72,78,83,84;72,78,83,85;72,78,83,86;72,78,83,87;72,78,83,88;72,78,83,89;72,78,83,90;72,78,83,91;72,78,84,85;72,78,84,86;72,78,84,87;72,78,84,88;72,78,84,89;72,78,84,90;72,78,84,91;72,78,85,86;72,78,85,87;72,78,85,88;72,78,85,89;72,78,85,90;72,78,85,91;72,78,86,87;72,78,86,88;72,78,86,89;72,78,86,90;72,78,86,91;72,78,87,88;72,78,87,89;72,78,87,90;72,78,87,91;72,78,88,89;72,78,88,90;72,78,88,91;72,78,89,90;72,78,89,91;72,78,90,91;72,79,80,81;72,79,80,82;72,79,80,83;72,79,80,84;72,79,80,85;72,79,80,86;72,79,80,87;72,79,80,88;72,79,80,89;72,79,80,90;72,79,80,91;72,79,81,82;72,79,81,83;72,79,81,84;72,79,81,85;72,79,81,86;72,79,81,87;72,79,81,88;72,79,81,89;72,79,81,90;72,79,81,91;72,79,82,83;72,79,82,84;72,79,82,85;72,79,82,86;72,79,82,87;72,79,82,88;72,79,82,89;72,79,82,90;72,79,82,91;72,79,83,84;72,79,83,85;72,79,83,86;72,79,83,87;72,79,83,88;72,79,83,89;72,79,83,90;72,79,83,91;72,79,84,85;72,79,84,86;72,79,84,87;72,79,84,88;72,79,84,89;72,79,84,90;72,79,84,91;72,79,85,86;72,79,85,87;72,79,85,88;72,79,85,89;72,79,85,90;72,79,85,91;72,79,86,87;72,79,86,88;72,79,86,89;72,79,86,90;72,79,86,91;72,79,87,88;72,79,87,89;72,79,87,90;72,79,87,91;72,79,88,89;72,79,88,90;72,79,88,91;72,79,89,90;72,79,89,91;72,79,90,91;72,80,81,82;72,80,81,83;72,80,81,84;72,80,81,85;72,80,81,86;72,80,81,87;72,80,81,88;72,80,81,89;72,80,81,90;72,80,81,91;72,80,82,83;72,80,82,84;72,80,82,85;72,80,82,86;72,80,82,87;72,80,82,88;72,80,82,89;72,80,82,90;72,80,82,91;72,80,83,84;72,80,83,85;72,80,83,86;72,80,83,87;72,80,83,88;72,80,83,89;72,80,83,90;72,80,83,91;72,80,84,85;72,80,84,86;72,80,84,87;72,80,84,88;72,80,84,89;72,80,84,90;72,80,84,91;72,80,85,86;72,80,85,87;72,80,85,88;72,80,85,89;72,80,85,90;72,80,85,91;72,80,86,87;72,80,86,88;72,80,86,89;72,80,86,90;72,80,86,91;72,80,87,88;72,80,87,89;72,80,87,90;72,80,87,91;72,80,88,89;72,80,88,90;72,80,88,91;72,80,89,90;72,80,89,91;72,80,90,91;72,81,82,83;72,81,82,84;72,81,82,85;72,81,82,86;72,81,82,87;72,81,82,88;72,81,82,89;72,81,82,90;72,81,82,91;72,81,83,84;72,81,83,85;72,81,83,86;72,81,83,87;72,81,83,88;72,81,83,89;72,81,83,90;72,81,83,91;72,81,84,85;72,81,84,86;72,81,84,87;72,81,84,88;72,81,84,89;72,81,84,90;72,81,84,91;72,81,85,86;72,81,85,87;72,81,85,88;72,81,85,89;72,81,85,90;72,81,85,91;72,81,86,87;72,81,86,88;72,81,86,89;72,81,86,90;72,81,86,91;72,81,87,88;72,81,87,89;72,81,87,90;72,81,87,91;72,81,88,89;72,81,88,90;72,81,88,91;72,81,89,90;72,81,89,91;72,81,90,91;72,82,83,84;72,82,83,85;72,82,83,86;72,82,83,87;72,82,83,88;72,82,83,89;72,82,83,90;72,82,83,91;72,82,84,85;72,82,84,86;72,82,84,87;72,82,84,88;72,82,84,89;72,82,84,90;72,82,84,91;72,82,85,86;72,82,85,87;72,82,85,88;72,82,85,89;72,82,85,90;72,82,85,91;72,82,86,87;72,82,86,88;72,82,86,89;72,82,86,90;72,82,86,91;72,82,87,88;72,82,87,89;72,82,87,90;72,82,87,91;72,82,88,89;72,82,88,90;72,82,88,91;72,82,89,90;72,82,89,91;72,82,90,91;72,83,84,85;72,83,84,86;72,83,84,87;72,83,84,88;72,83,84,89;72,83,84,90;72,83,84,91;72,83,85,86;72,83,85,87;72,83,85,88;72,83,85,89;72,83,85,90;72,83,85,91;72,83,86,87;72,83,86,88;72,83,86,89;72,83,86,90;72,83,86,91;72,83,87,88;72,83,87,89;72,83,87,90;72,83,87,91;72,83,88,89;72,83,88,90;72,83,88,91;72,83,89,90;72,83,89,91;72,83,90,91;72,84,85,86;72,84,85,87;72,84,85,88;72,84,85,89;72,84,85,90;72,84,85,91;72,84,86,87;72,84,86,88;72,84,86,89;72,84,86,90;72,84,86,91;72,84,87,88;72,84,87,89;72,84,87,90;72,84,87,91;72,84,88,89;72,84,88,90;72,84,88,91;72,84,89,90;72,84,89,91;72,84,90,91;72,85,86,87;72,85,86,88;72,85,86,89;72,85,86,90;72,85,86,91;72,85,87,88;72,85,87,89;72,85,87,90;72,85,87,91;72,85,88,89;72,85,88,90;72,85,88,91;72,85,89,90;72,85,89,91;72,85,90,91;72,86,87,88;72,86,87,89;72,86,87,90;72,86,87,91;72,86,88,89;72,86,88,90;72,86,88,91;72,86,89,90;72,86,89,91;72,86,90,91;72,87,88,89;72,87,88,90;72,87,88,91;72,87,89,90;72,87,89,91;72,87,90,91;72,88,89,90;72,88,89,91;72,88,90,91;72,89,90,91;73,74,75,76;73,74,75,77;73,74,75,78;73,74,75,79;73,74,75,80;73,74,75,81;73,74,75,82;73,74,75,83;73,74,75,84;73,74,75,85;73,74,75,86;73,74,75,87;73,74,75,88;73,74,75,89;73,74,75,90;73,74,75,91;73,74,76,77;73,74,76,78;73,74,76,79;73,74,76,80;73,74,76,81;73,74,76,82;73,74,76,83;73,74,76,84;73,74,76,85;73,74,76,86;73,74,76,87;73,74,76,88;73,74,76,89;73,74,76,90;73,74,76,91;73,74,77,78;73,74,77,79;73,74,77,80;73,74,77,81;73,74,77,82;73,74,77,83;73,74,77,84;73,74,77,85;73,74,77,86;73,74,77,87;73,74,77,88;73,74,77,89;73,74,77,90;73,74,77,91;73,74,78,79;73,74,78,80;73,74,78,81;73,74,78,82;73,74,78,83;73,74,78,84;73,74,78,85;73,74,78,86;73,74,78,87;73,74,78,88;73,74,78,89;73,74,78,90;73,74,78,91;73,74,79,80;73,74,79,81;73,74,79,82;73,74,79,83;73,74,79,84;73,74,79,85;73,74,79,86;73,74,79,87;73,74,79,88;73,74,79,89;73,74,79,90;73,74,79,91;73,74,80,81;73,74,80,82;73,74,80,83;73,74,80,84;73,74,80,85;73,74,80,86;73,74,80,87;73,74,80,88;73,74,80,89;73,74,80,90;73,74,80,91;73,74,81,82;73,74,81,83;73,74,81,84;73,74,81,85;73,74,81,86;73,74,81,87;73,74,81,88;73,74,81,89;73,74,81,90;73,74,81,91;73,74,82,83;73,74,82,84;73,74,82,85;73,74,82,86;73,74,82,87;73,74,82,88;73,74,82,89;73,74,82,90;73,74,82,91;73,74,83,84;73,74,83,85;73,74,83,86;73,74,83,87;73,74,83,88;73,74,83,89;73,74,83,90;73,74,83,91;73,74,84,85;73,74,84,86;73,74,84,87;73,74,84,88;73,74,84,89;73,74,84,90;73,74,84,91;73,74,85,86;73,74,85,87;73,74,85,88;73,74,85,89;73,74,85,90;73,74,85,91;73,74,86,87;73,74,86,88;73,74,86,89;73,74,86,90;73,74,86,91;73,74,87,88;73,74,87,89;73,74,87,90;73,74,87,91;73,74,88,89;73,74,88,90;73,74,88,91;73,74,89,90;73,74,89,91;73,74,90,91;73,75,76,77;73,75,76,78;73,75,76,79;73,75,76,80;73,75,76,81;73,75,76,82;73,75,76,83;73,75,76,84;73,75,76,85;73,75,76,86;73,75,76,87;73,75,76,88;73,75,76,89;73,75,76,90;73,75,76,91;73,75,77,78;73,75,77,79;73,75,77,80;73,75,77,81;73,75,77,82;73,75,77,83;73,75,77,84;73,75,77,85;73,75,77,86;73,75,77,87;73,75,77,88;73,75,77,89;73,75,77,90;73,75,77,91;73,75,78,79;73,75,78,80;73,75,78,81;73,75,78,82;73,75,78,83;73,75,78,84;73,75,78,85;73,75,78,86;73,75,78,87;73,75,78,88;73,75,78,89;73,75,78,90;73,75,78,91;73,75,79,80;73,75,79,81;73,75,79,82;73,75,79,83;73,75,79,84;73,75,79,85;73,75,79,86;73,75,79,87;73,75,79,88;73,75,79,89;73,75,79,90;73,75,79,91;73,75,80,81;73,75,80,82;73,75,80,83;73,75,80,84;73,75,80,85;73,75,80,86;73,75,80,87;73,75,80,88;73,75,80,89;73,75,80,90;73,75,80,91;73,75,81,82;73,75,81,83;73,75,81,84;73,75,81,85;73,75,81,86;73,75,81,87;73,75,81,88;73,75,81,89;73,75,81,90;73,75,81,91;73,75,82,83;73,75,82,84;73,75,82,85;73,75,82,86;73,75,82,87;73,75,82,88;73,75,82,89;73,75,82,90;73,75,82,91;73,75,83,84;73,75,83,85;73,75,83,86;73,75,83,87;73,75,83,88;73,75,83,89;73,75,83,90;73,75,83,91;73,75,84,85;73,75,84,86;73,75,84,87;73,75,84,88;73,75,84,89;73,75,84,90;73,75,84,91;73,75,85,86;73,75,85,87;73,75,85,88;73,75,85,89;73,75,85,90;73,75,85,91;73,75,86,87;73,75,86,88;73,75,86,89;73,75,86,90;73,75,86,91;73,75,87,88;73,75,87,89;73,75,87,90;73,75,87,91;73,75,88,89;73,75,88,90;73,75,88,91;73,75,89,90;73,75,89,91;73,75,90,91;73,76,77,78;73,76,77,79;73,76,77,80;73,76,77,81;73,76,77,82;73,76,77,83;73,76,77,84;73,76,77,85;73,76,77,86;73,76,77,87;73,76,77,88;73,76,77,89;73,76,77,90;73,76,77,91;73,76,78,79;73,76,78,80;73,76,78,81;73,76,78,82;73,76,78,83;73,76,78,84;73,76,78,85;73,76,78,86;73,76,78,87;73,76,78,88;73,76,78,89;73,76,78,90;73,76,78,91;73,76,79,80;73,76,79,81;73,76,79,82;73,76,79,83;73,76,79,84;73,76,79,85;73,76,79,86;73,76,79,87;73,76,79,88;73,76,79,89;73,76,79,90;73,76,79,91;73,76,80,81;73,76,80,82;73,76,80,83;73,76,80,84;73,76,80,85;73,76,80,86;73,76,80,87;73,76,80,88;73,76,80,89;73,76,80,90;73,76,80,91;73,76,81,82;73,76,81,83;73,76,81,84;73,76,81,85;73,76,81,86;73,76,81,87;73,76,81,88;73,76,81,89;73,76,81,90;73,76,81,91;73,76,82,83;73,76,82,84;73,76,82,85;73,76,82,86;73,76,82,87;73,76,82,88;73,76,82,89;73,76,82,90;73,76,82,91;73,76,83,84;73,76,83,85;73,76,83,86;73,76,83,87;73,76,83,88;73,76,83,89;73,76,83,90;73,76,83,91;73,76,84,85;73,76,84,86;73,76,84,87;73,76,84,88;73,76,84,89;73,76,84,90;73,76,84,91;73,76,85,86;73,76,85,87;73,76,85,88;73,76,85,89;73,76,85,90;73,76,85,91;73,76,86,87;73,76,86,88;73,76,86,89;73,76,86,90;73,76,86,91;73,76,87,88;73,76,87,89;73,76,87,90;73,76,87,91;73,76,88,89;73,76,88,90;73,76,88,91;73,76,89,90;73,76,89,91;73,76,90,91;73,77,78,79;73,77,78,80;73,77,78,81;73,77,78,82;73,77,78,83;73,77,78,84;73,77,78,85;73,77,78,86;73,77,78,87;73,77,78,88;73,77,78,89;73,77,78,90;73,77,78,91;73,77,79,80;73,77,79,81;73,77,79,82;73,77,79,83;73,77,79,84;73,77,79,85;73,77,79,86;73,77,79,87;73,77,79,88;73,77,79,89;73,77,79,90;73,77,79,91;73,77,80,81;73,77,80,82;73,77,80,83;73,77,80,84;73,77,80,85;73,77,80,86;73,77,80,87;73,77,80,88;73,77,80,89;73,77,80,90;73,77,80,91;73,77,81,82;73,77,81,83;73,77,81,84;73,77,81,85;73,77,81,86;73,77,81,87;73,77,81,88;73,77,81,89;73,77,81,90;73,77,81,91;73,77,82,83;73,77,82,84;73,77,82,85;73,77,82,86;73,77,82,87;73,77,82,88;73,77,82,89;73,77,82,90;73,77,82,91;73,77,83,84;73,77,83,85;73,77,83,86;73,77,83,87;73,77,83,88;73,77,83,89;73,77,83,90;73,77,83,91;73,77,84,85;73,77,84,86;73,77,84,87;73,77,84,88;73,77,84,89;73,77,84,90;73,77,84,91;73,77,85,86;73,77,85,87;73,77,85,88;73,77,85,89;73,77,85,90;73,77,85,91;73,77,86,87;73,77,86,88;73,77,86,89;73,77,86,90;73,77,86,91;73,77,87,88;73,77,87,89;73,77,87,90;73,77,87,91;73,77,88,89;73,77,88,90;73,77,88,91;73,77,89,90;73,77,89,91;73,77,90,91;73,78,79,80;73,78,79,81;73,78,79,82;73,78,79,83;73,78,79,84;73,78,79,85;73,78,79,86;73,78,79,87;73,78,79,88;73,78,79,89;73,78,79,90;73,78,79,91;73,78,80,81;73,78,80,82;73,78,80,83;73,78,80,84;73,78,80,85;73,78,80,86;73,78,80,87;73,78,80,88;73,78,80,89;73,78,80,90;73,78,80,91;73,78,81,82;73,78,81,83;73,78,81,84;73,78,81,85;73,78,81,86;73,78,81,87;73,78,81,88;73,78,81,89;73,78,81,90;73,78,81,91;73,78,82,83;73,78,82,84;73,78,82,85;73,78,82,86;73,78,82,87;73,78,82,88;73,78,82,89;73,78,82,90;73,78,82,91;73,78,83,84;73,78,83,85;73,78,83,86;73,78,83,87;73,78,83,88;73,78,83,89;73,78,83,90;73,78,83,91;73,78,84,85;73,78,84,86;73,78,84,87;73,78,84,88;73,78,84,89;73,78,84,90;73,78,84,91;73,78,85,86;73,78,85,87;73,78,85,88;73,78,85,89;73,78,85,90;73,78,85,91;73,78,86,87;73,78,86,88;73,78,86,89;73,78,86,90;73,78,86,91;73,78,87,88;73,78,87,89;73,78,87,90;73,78,87,91;73,78,88,89;73,78,88,90;73,78,88,91;73,78,89,90;73,78,89,91;73,78,90,91;73,79,80,81;73,79,80,82;73,79,80,83;73,79,80,84;73,79,80,85;73,79,80,86;73,79,80,87;73,79,80,88;73,79,80,89;73,79,80,90;73,79,80,91;73,79,81,82;73,79,81,83;73,79,81,84;73,79,81,85;73,79,81,86;73,79,81,87;73,79,81,88;73,79,81,89;73,79,81,90;73,79,81,91;73,79,82,83;73,79,82,84;73,79,82,85;73,79,82,86;73,79,82,87;73,79,82,88;73,79,82,89;73,79,82,90;73,79,82,91;73,79,83,84;73,79,83,85;73,79,83,86;73,79,83,87;73,79,83,88;73,79,83,89;73,79,83,90;73,79,83,91;73,79,84,85;73,79,84,86;73,79,84,87;73,79,84,88;73,79,84,89;73,79,84,90;73,79,84,91;73,79,85,86;73,79,85,87;73,79,85,88;73,79,85,89;73,79,85,90;73,79,85,91;73,79,86,87;73,79,86,88;73,79,86,89;73,79,86,90;73,79,86,91;73,79,87,88;73,79,87,89;73,79,87,90;73,79,87,91;73,79,88,89;73,79,88,90;73,79,88,91;73,79,89,90;73,79,89,91;73,79,90,91;73,80,81,82;73,80,81,83;73,80,81,84;73,80,81,85;73,80,81,86;73,80,81,87;73,80,81,88;73,80,81,89;73,80,81,90;73,80,81,91;73,80,82,83;73,80,82,84;73,80,82,85;73,80,82,86;73,80,82,87;73,80,82,88;73,80,82,89;73,80,82,90;73,80,82,91;73,80,83,84;73,80,83,85;73,80,83,86;73,80,83,87;73,80,83,88;73,80,83,89;73,80,83,90;73,80,83,91;73,80,84,85;73,80,84,86;73,80,84,87;73,80,84,88;73,80,84,89;73,80,84,90;73,80,84,91;73,80,85,86;73,80,85,87;73,80,85,88;73,80,85,89;73,80,85,90;73,80,85,91;73,80,86,87;73,80,86,88;73,80,86,89;73,80,86,90;73,80,86,91;73,80,87,88;73,80,87,89;73,80,87,90;73,80,87,91;73,80,88,89;73,80,88,90;73,80,88,91;73,80,89,90;73,80,89,91;73,80,90,91;73,81,82,83;73,81,82,84;73,81,82,85;73,81,82,86;73,81,82,87;73,81,82,88;73,81,82,89;73,81,82,90;73,81,82,91;73,81,83,84;73,81,83,85;73,81,83,86;73,81,83,87;73,81,83,88;73,81,83,89;73,81,83,90;73,81,83,91;73,81,84,85;73,81,84,86;73,81,84,87;73,81,84,88;73,81,84,89;73,81,84,90;73,81,84,91;73,81,85,86;73,81,85,87;73,81,85,88;73,81,85,89;73,81,85,90;73,81,85,91;73,81,86,87;73,81,86,88;73,81,86,89;73,81,86,90;73,81,86,91;73,81,87,88;73,81,87,89;73,81,87,90;73,81,87,91;73,81,88,89;73,81,88,90;73,81,88,91;73,81,89,90;73,81,89,91;73,81,90,91;73,82,83,84;73,82,83,85;73,82,83,86;73,82,83,87;73,82,83,88;73,82,83,89;73,82,83,90;73,82,83,91;73,82,84,85;73,82,84,86;73,82,84,87;73,82,84,88;73,82,84,89;73,82,84,90;73,82,84,91;73,82,85,86;73,82,85,87;73,82,85,88;73,82,85,89;73,82,85,90;73,82,85,91;73,82,86,87;73,82,86,88;73,82,86,89;73,82,86,90;73,82,86,91;73,82,87,88;73,82,87,89;73,82,87,90;73,82,87,91;73,82,88,89;73,82,88,90;73,82,88,91;73,82,89,90;73,82,89,91;73,82,90,91;73,83,84,85;73,83,84,86;73,83,84,87;73,83,84,88;73,83,84,89;73,83,84,90;73,83,84,91;73,83,85,86;73,83,85,87;73,83,85,88;73,83,85,89;73,83,85,90;73,83,85,91;73,83,86,87;73,83,86,88;73,83,86,89;73,83,86,90;73,83,86,91;73,83,87,88;73,83,87,89;73,83,87,90;73,83,87,91;73,83,88,89;73,83,88,90;73,83,88,91;73,83,89,90;73,83,89,91;73,83,90,91;73,84,85,86;73,84,85,87;73,84,85,88;73,84,85,89;73,84,85,90;73,84,85,91;73,84,86,87;73,84,86,88;73,84,86,89;73,84,86,90;73,84,86,91;73,84,87,88;73,84,87,89;73,84,87,90;73,84,87,91;73,84,88,89;73,84,88,90;73,84,88,91;73,84,89,90;73,84,89,91;73,84,90,91;73,85,86,87;73,85,86,88;73,85,86,89;73,85,86,90;73,85,86,91;73,85,87,88;73,85,87,89;73,85,87,90;73,85,87,91;73,85,88,89;73,85,88,90;73,85,88,91;73,85,89,90;73,85,89,91;73,85,90,91;73,86,87,88;73,86,87,89;73,86,87,90;73,86,87,91;73,86,88,89;73,86,88,90;73,86,88,91;73,86,89,90;73,86,89,91;73,86,90,91;73,87,88,89;73,87,88,90;73,87,88,91;73,87,89,90;73,87,89,91;73,87,90,91;73,88,89,90;73,88,89,91;73,88,90,91;73,89,90,91;74,75,76,77;74,75,76,78;74,75,76,79;74,75,76,80;74,75,76,81;74,75,76,82;74,75,76,83;74,75,76,84;74,75,76,85;74,75,76,86;74,75,76,87;74,75,76,88;74,75,76,89;74,75,76,90;74,75,76,91;74,75,77,78;74,75,77,79;74,75,77,80;74,75,77,81;74,75,77,82;74,75,77,83;74,75,77,84;74,75,77,85;74,75,77,86;74,75,77,87;74,75,77,88;74,75,77,89;74,75,77,90;74,75,77,91;74,75,78,79;74,75,78,80;74,75,78,81;74,75,78,82;74,75,78,83;74,75,78,84;74,75,78,85;74,75,78,86;74,75,78,87;74,75,78,88;74,75,78,89;74,75,78,90;74,75,78,91;74,75,79,80;74,75,79,81;74,75,79,82;74,75,79,83;74,75,79,84;74,75,79,85;74,75,79,86;74,75,79,87;74,75,79,88;74,75,79,89;74,75,79,90;74,75,79,91;74,75,80,81;74,75,80,82;74,75,80,83;74,75,80,84;74,75,80,85;74,75,80,86;74,75,80,87;74,75,80,88;74,75,80,89;74,75,80,90;74,75,80,91;74,75,81,82;74,75,81,83;74,75,81,84;74,75,81,85;74,75,81,86;74,75,81,87;74,75,81,88;74,75,81,89;74,75,81,90;74,75,81,91;74,75,82,83;74,75,82,84;74,75,82,85;74,75,82,86;74,75,82,87;74,75,82,88;74,75,82,89;74,75,82,90;74,75,82,91;74,75,83,84;74,75,83,85;74,75,83,86;74,75,83,87;74,75,83,88;74,75,83,89;74,75,83,90;74,75,83,91;74,75,84,85;74,75,84,86;74,75,84,87;74,75,84,88;74,75,84,89;74,75,84,90;74,75,84,91;74,75,85,86;74,75,85,87;74,75,85,88;74,75,85,89;74,75,85,90;74,75,85,91;74,75,86,87;74,75,86,88;74,75,86,89;74,75,86,90;74,75,86,91;74,75,87,88;74,75,87,89;74,75,87,90;74,75,87,91;74,75,88,89;74,75,88,90;74,75,88,91;74,75,89,90;74,75,89,91;74,75,90,91;74,76,77,78;74,76,77,79;74,76,77,80;74,76,77,81;74,76,77,82;74,76,77,83;74,76,77,84;74,76,77,85;74,76,77,86;74,76,77,87;74,76,77,88;74,76,77,89;74,76,77,90;74,76,77,91;74,76,78,79;74,76,78,80;74,76,78,81;74,76,78,82;74,76,78,83;74,76,78,84;74,76,78,85;74,76,78,86;74,76,78,87;74,76,78,88;74,76,78,89;74,76,78,90;74,76,78,91;74,76,79,80;74,76,79,81;74,76,79,82;74,76,79,83;74,76,79,84;74,76,79,85;74,76,79,86;74,76,79,87;74,76,79,88;74,76,79,89;74,76,79,90;74,76,79,91;74,76,80,81;74,76,80,82;74,76,80,83;74,76,80,84;74,76,80,85;74,76,80,86;74,76,80,87;74,76,80,88;74,76,80,89;74,76,80,90;74,76,80,91;74,76,81,82;74,76,81,83;74,76,81,84;74,76,81,85;74,76,81,86;74,76,81,87;74,76,81,88;74,76,81,89;74,76,81,90;74,76,81,91;74,76,82,83;74,76,82,84;74,76,82,85;74,76,82,86;74,76,82,87;74,76,82,88;74,76,82,89;74,76,82,90;74,76,82,91;74,76,83,84;74,76,83,85;74,76,83,86;74,76,83,87;74,76,83,88;74,76,83,89;74,76,83,90;74,76,83,91;74,76,84,85;74,76,84,86;74,76,84,87;74,76,84,88;74,76,84,89;74,76,84,90;74,76,84,91;74,76,85,86;74,76,85,87;74,76,85,88;74,76,85,89;74,76,85,90;74,76,85,91;74,76,86,87;74,76,86,88;74,76,86,89;74,76,86,90;74,76,86,91;74,76,87,88;74,76,87,89;74,76,87,90;74,76,87,91;74,76,88,89;74,76,88,90;74,76,88,91;74,76,89,90;74,76,89,91;74,76,90,91;74,77,78,79;74,77,78,80;74,77,78,81;74,77,78,82;74,77,78,83;74,77,78,84;74,77,78,85;74,77,78,86;74,77,78,87;74,77,78,88;74,77,78,89;74,77,78,90;74,77,78,91;74,77,79,80;74,77,79,81;74,77,79,82;74,77,79,83;74,77,79,84;74,77,79,85;74,77,79,86;74,77,79,87;74,77,79,88;74,77,79,89;74,77,79,90;74,77,79,91;74,77,80,81;74,77,80,82;74,77,80,83;74,77,80,84;74,77,80,85;74,77,80,86;74,77,80,87;74,77,80,88;74,77,80,89;74,77,80,90;74,77,80,91;74,77,81,82;74,77,81,83;74,77,81,84;74,77,81,85;74,77,81,86;74,77,81,87;74,77,81,88;74,77,81,89;74,77,81,90;74,77,81,91;74,77,82,83;74,77,82,84;74,77,82,85;74,77,82,86;74,77,82,87;74,77,82,88;74,77,82,89;74,77,82,90;74,77,82,91;74,77,83,84;74,77,83,85;74,77,83,86;74,77,83,87;74,77,83,88;74,77,83,89;74,77,83,90;74,77,83,91;74,77,84,85;74,77,84,86;74,77,84,87;74,77,84,88;74,77,84,89;74,77,84,90;74,77,84,91;74,77,85,86;74,77,85,87;74,77,85,88;74,77,85,89;74,77,85,90;74,77,85,91;74,77,86,87;74,77,86,88;74,77,86,89;74,77,86,90;74,77,86,91;74,77,87,88;74,77,87,89;74,77,87,90;74,77,87,91;74,77,88,89;74,77,88,90;74,77,88,91;74,77,89,90;74,77,89,91;74,77,90,91;74,78,79,80;74,78,79,81;74,78,79,82;74,78,79,83;74,78,79,84;74,78,79,85;74,78,79,86;74,78,79,87;74,78,79,88;74,78,79,89;74,78,79,90;74,78,79,91;74,78,80,81;74,78,80,82;74,78,80,83;74,78,80,84;74,78,80,85;74,78,80,86;74,78,80,87;74,78,80,88;74,78,80,89;74,78,80,90;74,78,80,91;74,78,81,82;74,78,81,83;74,78,81,84;74,78,81,85;74,78,81,86;74,78,81,87;74,78,81,88;74,78,81,89;74,78,81,90;74,78,81,91;74,78,82,83;74,78,82,84;74,78,82,85;74,78,82,86;74,78,82,87;74,78,82,88;74,78,82,89;74,78,82,90;74,78,82,91;74,78,83,84;74,78,83,85;74,78,83,86;74,78,83,87;74,78,83,88;74,78,83,89;74,78,83,90;74,78,83,91;74,78,84,85;74,78,84,86;74,78,84,87;74,78,84,88;74,78,84,89;74,78,84,90;74,78,84,91;74,78,85,86;74,78,85,87;74,78,85,88;74,78,85,89;74,78,85,90;74,78,85,91;74,78,86,87;74,78,86,88;74,78,86,89;74,78,86,90;74,78,86,91;74,78,87,88;74,78,87,89;74,78,87,90;74,78,87,91;74,78,88,89;74,78,88,90;74,78,88,91;74,78,89,90;74,78,89,91;74,78,90,91;74,79,80,81;74,79,80,82;74,79,80,83;74,79,80,84;74,79,80,85;74,79,80,86;74,79,80,87;74,79,80,88;74,79,80,89;74,79,80,90;74,79,80,91;74,79,81,82;74,79,81,83;74,79,81,84;74,79,81,85;74,79,81,86;74,79,81,87;74,79,81,88;74,79,81,89;74,79,81,90;74,79,81,91;74,79,82,83;74,79,82,84;74,79,82,85;74,79,82,86;74,79,82,87;74,79,82,88;74,79,82,89;74,79,82,90;74,79,82,91;74,79,83,84;74,79,83,85;74,79,83,86;74,79,83,87;74,79,83,88;74,79,83,89;74,79,83,90;74,79,83,91;74,79,84,85;74,79,84,86;74,79,84,87;74,79,84,88;74,79,84,89;74,79,84,90;74,79,84,91;74,79,85,86;74,79,85,87;74,79,85,88;74,79,85,89;74,79,85,90;74,79,85,91;74,79,86,87;74,79,86,88;74,79,86,89;74,79,86,90;74,79,86,91;74,79,87,88;74,79,87,89;74,79,87,90;74,79,87,91;74,79,88,89;74,79,88,90;74,79,88,91;74,79,89,90;74,79,89,91;74,79,90,91;74,80,81,82;74,80,81,83;74,80,81,84;74,80,81,85;74,80,81,86;74,80,81,87;74,80,81,88;74,80,81,89;74,80,81,90;74,80,81,91;74,80,82,83;74,80,82,84;74,80,82,85;74,80,82,86;74,80,82,87;74,80,82,88;74,80,82,89;74,80,82,90;74,80,82,91;74,80,83,84;74,80,83,85;74,80,83,86;74,80,83,87;74,80,83,88;74,80,83,89;74,80,83,90;74,80,83,91;74,80,84,85;74,80,84,86;74,80,84,87;74,80,84,88;74,80,84,89;74,80,84,90;74,80,84,91;74,80,85,86;74,80,85,87;74,80,85,88;74,80,85,89;74,80,85,90;74,80,85,91;74,80,86,87;74,80,86,88;74,80,86,89;74,80,86,90;74,80,86,91;74,80,87,88;74,80,87,89;74,80,87,90;74,80,87,91;74,80,88,89;74,80,88,90;74,80,88,91;74,80,89,90;74,80,89,91;74,80,90,91;74,81,82,83;74,81,82,84;74,81,82,85;74,81,82,86;74,81,82,87;74,81,82,88;74,81,82,89;74,81,82,90;74,81,82,91;74,81,83,84;74,81,83,85;74,81,83,86;74,81,83,87;74,81,83,88;74,81,83,89;74,81,83,90;74,81,83,91;74,81,84,85;74,81,84,86;74,81,84,87;74,81,84,88;74,81,84,89;74,81,84,90;74,81,84,91;74,81,85,86;74,81,85,87;74,81,85,88;74,81,85,89;74,81,85,90;74,81,85,91;74,81,86,87;74,81,86,88;74,81,86,89;74,81,86,90;74,81,86,91;74,81,87,88;74,81,87,89;74,81,87,90;74,81,87,91;74,81,88,89;74,81,88,90;74,81,88,91;74,81,89,90;74,81,89,91;74,81,90,91;74,82,83,84;74,82,83,85;74,82,83,86;74,82,83,87;74,82,83,88;74,82,83,89;74,82,83,90;74,82,83,91;74,82,84,85;74,82,84,86;74,82,84,87;74,82,84,88;74,82,84,89;74,82,84,90;74,82,84,91;74,82,85,86;74,82,85,87;74,82,85,88;74,82,85,89;74,82,85,90;74,82,85,91;74,82,86,87;74,82,86,88;74,82,86,89;74,82,86,90;74,82,86,91;74,82,87,88;74,82,87,89;74,82,87,90;74,82,87,91;74,82,88,89;74,82,88,90;74,82,88,91;74,82,89,90;74,82,89,91;74,82,90,91;74,83,84,85;74,83,84,86;74,83,84,87;74,83,84,88;74,83,84,89;74,83,84,90;74,83,84,91;74,83,85,86;74,83,85,87;74,83,85,88;74,83,85,89;74,83,85,90;74,83,85,91;74,83,86,87;74,83,86,88;74,83,86,89;74,83,86,90;74,83,86,91;74,83,87,88;74,83,87,89;74,83,87,90;74,83,87,91;74,83,88,89;74,83,88,90;74,83,88,91;74,83,89,90;74,83,89,91;74,83,90,91;74,84,85,86;74,84,85,87;74,84,85,88;74,84,85,89;74,84,85,90;74,84,85,91;74,84,86,87;74,84,86,88;74,84,86,89;74,84,86,90;74,84,86,91;74,84,87,88;74,84,87,89;74,84,87,90;74,84,87,91;74,84,88,89;74,84,88,90;74,84,88,91;74,84,89,90;74,84,89,91;74,84,90,91;74,85,86,87;74,85,86,88;74,85,86,89;74,85,86,90;74,85,86,91;74,85,87,88;74,85,87,89;74,85,87,90;74,85,87,91;74,85,88,89;74,85,88,90;74,85,88,91;74,85,89,90;74,85,89,91;74,85,90,91;74,86,87,88;74,86,87,89;74,86,87,90;74,86,87,91;74,86,88,89;74,86,88,90;74,86,88,91;74,86,89,90;74,86,89,91;74,86,90,91;74,87,88,89;74,87,88,90;74,87,88,91;74,87,89,90;74,87,89,91;74,87,90,91;74,88,89,90;74,88,89,91;74,88,90,91;74,89,90,91;75,76,77,78;75,76,77,79;75,76,77,80;75,76,77,81;75,76,77,82;75,76,77,83;75,76,77,84;75,76,77,85;75,76,77,86;75,76,77,87;75,76,77,88;75,76,77,89;75,76,77,90;75,76,77,91;75,76,78,79;75,76,78,80;75,76,78,81;75,76,78,82;75,76,78,83;75,76,78,84;75,76,78,85;75,76,78,86;75,76,78,87;75,76,78,88;75,76,78,89;75,76,78,90;75,76,78,91;75,76,79,80;75,76,79,81;75,76,79,82;75,76,79,83;75,76,79,84;75,76,79,85;75,76,79,86;75,76,79,87;75,76,79,88;75,76,79,89;75,76,79,90;75,76,79,91;75,76,80,81;75,76,80,82;75,76,80,83;75,76,80,84;75,76,80,85;75,76,80,86;75,76,80,87;75,76,80,88;75,76,80,89;75,76,80,90;75,76,80,91;75,76,81,82;75,76,81,83;75,76,81,84;75,76,81,85;75,76,81,86;75,76,81,87;75,76,81,88;75,76,81,89;75,76,81,90;75,76,81,91;75,76,82,83;75,76,82,84;75,76,82,85;75,76,82,86;75,76,82,87;75,76,82,88;75,76,82,89;75,76,82,90;75,76,82,91;75,76,83,84;75,76,83,85;75,76,83,86;75,76,83,87;75,76,83,88;75,76,83,89;75,76,83,90;75,76,83,91;75,76,84,85;75,76,84,86;75,76,84,87;75,76,84,88;75,76,84,89;75,76,84,90;75,76,84,91;75,76,85,86;75,76,85,87;75,76,85,88;75,76,85,89;75,76,85,90;75,76,85,91;75,76,86,87;75,76,86,88;75,76,86,89;75,76,86,90;75,76,86,91;75,76,87,88;75,76,87,89;75,76,87,90;75,76,87,91;75,76,88,89;75,76,88,90;75,76,88,91;75,76,89,90;75,76,89,91;75,76,90,91;75,77,78,79;75,77,78,80;75,77,78,81;75,77,78,82;75,77,78,83;75,77,78,84;75,77,78,85;75,77,78,86;75,77,78,87;75,77,78,88;75,77,78,89;75,77,78,90;75,77,78,91;75,77,79,80;75,77,79,81;75,77,79,82;75,77,79,83;75,77,79,84;75,77,79,85;75,77,79,86;75,77,79,87;75,77,79,88;75,77,79,89;75,77,79,90;75,77,79,91;75,77,80,81;75,77,80,82;75,77,80,83;75,77,80,84;75,77,80,85;75,77,80,86;75,77,80,87;75,77,80,88;75,77,80,89;75,77,80,90;75,77,80,91;75,77,81,82;75,77,81,83;75,77,81,84;75,77,81,85;75,77,81,86;75,77,81,87;75,77,81,88;75,77,81,89;75,77,81,90;75,77,81,91;75,77,82,83;75,77,82,84;75,77,82,85;75,77,82,86;75,77,82,87;75,77,82,88;75,77,82,89;75,77,82,90;75,77,82,91;75,77,83,84;75,77,83,85;75,77,83,86;75,77,83,87;75,77,83,88;75,77,83,89;75,77,83,90;75,77,83,91;75,77,84,85;75,77,84,86;75,77,84,87;75,77,84,88;75,77,84,89;75,77,84,90;75,77,84,91;75,77,85,86;75,77,85,87;75,77,85,88;75,77,85,89;75,77,85,90;75,77,85,91;75,77,86,87;75,77,86,88;75,77,86,89;75,77,86,90;75,77,86,91;75,77,87,88;75,77,87,89;75,77,87,90;75,77,87,91;75,77,88,89;75,77,88,90;75,77,88,91;75,77,89,90;75,77,89,91;75,77,90,91;75,78,79,80;75,78,79,81;75,78,79,82;75,78,79,83;75,78,79,84;75,78,79,85;75,78,79,86;75,78,79,87;75,78,79,88;75,78,79,89;75,78,79,90;75,78,79,91;75,78,80,81;75,78,80,82;75,78,80,83;75,78,80,84;75,78,80,85;75,78,80,86;75,78,80,87;75,78,80,88;75,78,80,89;75,78,80,90;75,78,80,91;75,78,81,82;75,78,81,83;75,78,81,84;75,78,81,85;75,78,81,86;75,78,81,87;75,78,81,88;75,78,81,89;75,78,81,90;75,78,81,91;75,78,82,83;75,78,82,84;75,78,82,85;75,78,82,86;75,78,82,87;75,78,82,88;75,78,82,89;75,78,82,90;75,78,82,91;75,78,83,84;75,78,83,85;75,78,83,86;75,78,83,87;75,78,83,88;75,78,83,89;75,78,83,90;75,78,83,91;75,78,84,85;75,78,84,86;75,78,84,87;75,78,84,88;75,78,84,89;75,78,84,90;75,78,84,91;75,78,85,86;75,78,85,87;75,78,85,88;75,78,85,89;75,78,85,90;75,78,85,91;75,78,86,87;75,78,86,88;75,78,86,89;75,78,86,90;75,78,86,91;75,78,87,88;75,78,87,89;75,78,87,90;75,78,87,91;75,78,88,89;75,78,88,90;75,78,88,91;75,78,89,90;75,78,89,91;75,78,90,91;75,79,80,81;75,79,80,82;75,79,80,83;75,79,80,84;75,79,80,85;75,79,80,86;75,79,80,87;75,79,80,88;75,79,80,89;75,79,80,90;75,79,80,91;75,79,81,82;75,79,81,83;75,79,81,84;75,79,81,85;75,79,81,86;75,79,81,87;75,79,81,88;75,79,81,89;75,79,81,90;75,79,81,91;75,79,82,83;75,79,82,84;75,79,82,85;75,79,82,86;75,79,82,87;75,79,82,88;75,79,82,89;75,79,82,90;75,79,82,91;75,79,83,84;75,79,83,85;75,79,83,86;75,79,83,87;75,79,83,88;75,79,83,89;75,79,83,90;75,79,83,91;75,79,84,85;75,79,84,86;75,79,84,87;75,79,84,88;75,79,84,89;75,79,84,90;75,79,84,91;75,79,85,86;75,79,85,87;75,79,85,88;75,79,85,89;75,79,85,90;75,79,85,91;75,79,86,87;75,79,86,88;75,79,86,89;75,79,86,90;75,79,86,91;75,79,87,88;75,79,87,89;75,79,87,90;75,79,87,91;75,79,88,89;75,79,88,90;75,79,88,91;75,79,89,90;75,79,89,91;75,79,90,91;75,80,81,82;75,80,81,83;75,80,81,84;75,80,81,85;75,80,81,86;75,80,81,87;75,80,81,88;75,80,81,89;75,80,81,90;75,80,81,91;75,80,82,83;75,80,82,84;75,80,82,85;75,80,82,86;75,80,82,87;75,80,82,88;75,80,82,89;75,80,82,90;75,80,82,91;75,80,83,84;75,80,83,85;75,80,83,86;75,80,83,87;75,80,83,88;75,80,83,89;75,80,83,90;75,80,83,91;75,80,84,85;75,80,84,86;75,80,84,87;75,80,84,88;75,80,84,89;75,80,84,90;75,80,84,91;75,80,85,86;75,80,85,87;75,80,85,88;75,80,85,89;75,80,85,90;75,80,85,91;75,80,86,87;75,80,86,88;75,80,86,89;75,80,86,90;75,80,86,91;75,80,87,88;75,80,87,89;75,80,87,90;75,80,87,91;75,80,88,89;75,80,88,90;75,80,88,91;75,80,89,90;75,80,89,91;75,80,90,91;75,81,82,83;75,81,82,84;75,81,82,85;75,81,82,86;75,81,82,87;75,81,82,88;75,81,82,89;75,81,82,90;75,81,82,91;75,81,83,84;75,81,83,85;75,81,83,86;75,81,83,87;75,81,83,88;75,81,83,89;75,81,83,90;75,81,83,91;75,81,84,85;75,81,84,86;75,81,84,87;75,81,84,88;75,81,84,89;75,81,84,90;75,81,84,91;75,81,85,86;75,81,85,87;75,81,85,88;75,81,85,89;75,81,85,90;75,81,85,91;75,81,86,87;75,81,86,88;75,81,86,89;75,81,86,90;75,81,86,91;75,81,87,88;75,81,87,89;75,81,87,90;75,81,87,91;75,81,88,89;75,81,88,90;75,81,88,91;75,81,89,90;75,81,89,91;75,81,90,91;75,82,83,84;75,82,83,85;75,82,83,86;75,82,83,87;75,82,83,88;75,82,83,89;75,82,83,90;75,82,83,91;75,82,84,85;75,82,84,86;75,82,84,87;75,82,84,88;75,82,84,89;75,82,84,90;75,82,84,91;75,82,85,86;75,82,85,87;75,82,85,88;75,82,85,89;75,82,85,90;75,82,85,91;75,82,86,87;75,82,86,88;75,82,86,89;75,82,86,90;75,82,86,91;75,82,87,88;75,82,87,89;75,82,87,90;75,82,87,91;75,82,88,89;75,82,88,90;75,82,88,91;75,82,89,90;75,82,89,91;75,82,90,91;75,83,84,85;75,83,84,86;75,83,84,87;75,83,84,88;75,83,84,89;75,83,84,90;75,83,84,91;75,83,85,86;75,83,85,87;75,83,85,88;75,83,85,89;75,83,85,90;75,83,85,91;75,83,86,87;75,83,86,88;75,83,86,89;75,83,86,90;75,83,86,91;75,83,87,88;75,83,87,89;75,83,87,90;75,83,87,91;75,83,88,89;75,83,88,90;75,83,88,91;75,83,89,90;75,83,89,91;75,83,90,91;75,84,85,86;75,84,85,87;75,84,85,88;75,84,85,89;75,84,85,90;75,84,85,91;75,84,86,87;75,84,86,88;75,84,86,89;75,84,86,90;75,84,86,91;75,84,87,88;75,84,87,89;75,84,87,90;75,84,87,91;75,84,88,89;75,84,88,90;75,84,88,91;75,84,89,90;75,84,89,91;75,84,90,91;75,85,86,87;75,85,86,88;75,85,86,89;75,85,86,90;75,85,86,91;75,85,87,88;75,85,87,89;75,85,87,90;75,85,87,91;75,85,88,89;75,85,88,90;75,85,88,91;75,85,89,90;75,85,89,91;75,85,90,91;75,86,87,88;75,86,87,89;75,86,87,90;75,86,87,91;75,86,88,89;75,86,88,90;75,86,88,91;75,86,89,90;75,86,89,91;75,86,90,91;75,87,88,89;75,87,88,90;75,87,88,91;75,87,89,90;75,87,89,91;75,87,90,91;75,88,89,90;75,88,89,91;75,88,90,91;75,89,90,91;76,77,78,79;76,77,78,80;76,77,78,81;76,77,78,82;76,77,78,83;76,77,78,84;76,77,78,85;76,77,78,86;76,77,78,87;76,77,78,88;76,77,78,89;76,77,78,90;76,77,78,91;76,77,79,80;76,77,79,81;76,77,79,82;76,77,79,83;76,77,79,84;76,77,79,85;76,77,79,86;76,77,79,87;76,77,79,88;76,77,79,89;76,77,79,90;76,77,79,91;76,77,80,81;76,77,80,82;76,77,80,83;76,77,80,84;76,77,80,85;76,77,80,86;76,77,80,87;76,77,80,88;76,77,80,89;76,77,80,90;76,77,80,91;76,77,81,82;76,77,81,83;76,77,81,84;76,77,81,85;76,77,81,86;76,77,81,87;76,77,81,88;76,77,81,89;76,77,81,90;76,77,81,91;76,77,82,83;76,77,82,84;76,77,82,85;76,77,82,86;76,77,82,87;76,77,82,88;76,77,82,89;76,77,82,90;76,77,82,91;76,77,83,84;76,77,83,85;76,77,83,86;76,77,83,87;76,77,83,88;76,77,83,89;76,77,83,90;76,77,83,91;76,77,84,85;76,77,84,86;76,77,84,87;76,77,84,88;76,77,84,89;76,77,84,90;76,77,84,91;76,77,85,86;76,77,85,87;76,77,85,88;76,77,85,89;76,77,85,90;76,77,85,91;76,77,86,87;76,77,86,88;76,77,86,89;76,77,86,90;76,77,86,91;76,77,87,88;76,77,87,89;76,77,87,90;76,77,87,91;76,77,88,89;76,77,88,90;76,77,88,91;76,77,89,90;76,77,89,91;76,77,90,91;76,78,79,80;76,78,79,81;76,78,79,82;76,78,79,83;76,78,79,84;76,78,79,85;76,78,79,86;76,78,79,87;76,78,79,88;76,78,79,89;76,78,79,90;76,78,79,91;76,78,80,81;76,78,80,82;76,78,80,83;76,78,80,84;76,78,80,85;76,78,80,86;76,78,80,87;76,78,80,88;76,78,80,89;76,78,80,90;76,78,80,91;76,78,81,82;76,78,81,83;76,78,81,84;76,78,81,85;76,78,81,86;76,78,81,87;76,78,81,88;76,78,81,89;76,78,81,90;76,78,81,91;76,78,82,83;76,78,82,84;76,78,82,85;76,78,82,86;76,78,82,87;76,78,82,88;76,78,82,89;76,78,82,90;76,78,82,91;76,78,83,84;76,78,83,85;76,78,83,86;76,78,83,87;76,78,83,88;76,78,83,89;76,78,83,90;76,78,83,91;76,78,84,85;76,78,84,86;76,78,84,87;76,78,84,88;76,78,84,89;76,78,84,90;76,78,84,91;76,78,85,86;76,78,85,87;76,78,85,88;76,78,85,89;76,78,85,90;76,78,85,91;76,78,86,87;76,78,86,88;76,78,86,89;76,78,86,90;76,78,86,91;76,78,87,88;76,78,87,89;76,78,87,90;76,78,87,91;76,78,88,89;76,78,88,90;76,78,88,91;76,78,89,90;76,78,89,91;76,78,90,91;76,79,80,81;76,79,80,82;76,79,80,83;76,79,80,84;76,79,80,85;76,79,80,86;76,79,80,87;76,79,80,88;76,79,80,89;76,79,80,90;76,79,80,91;76,79,81,82;76,79,81,83;76,79,81,84;76,79,81,85;76,79,81,86;76,79,81,87;76,79,81,88;76,79,81,89;76,79,81,90;76,79,81,91;76,79,82,83;76,79,82,84;76,79,82,85;76,79,82,86;76,79,82,87;76,79,82,88;76,79,82,89;76,79,82,90;76,79,82,91;76,79,83,84;76,79,83,85;76,79,83,86;76,79,83,87;76,79,83,88;76,79,83,89;76,79,83,90;76,79,83,91;76,79,84,85;76,79,84,86;76,79,84,87;76,79,84,88;76,79,84,89;76,79,84,90;76,79,84,91;76,79,85,86;76,79,85,87;76,79,85,88;76,79,85,89;76,79,85,90;76,79,85,91;76,79,86,87;76,79,86,88;76,79,86,89;76,79,86,90;76,79,86,91;76,79,87,88;76,79,87,89;76,79,87,90;76,79,87,91;76,79,88,89;76,79,88,90;76,79,88,91;76,79,89,90;76,79,89,91;76,79,90,91;76,80,81,82;76,80,81,83;76,80,81,84;76,80,81,85;76,80,81,86;76,80,81,87;76,80,81,88;76,80,81,89;76,80,81,90;76,80,81,91;76,80,82,83;76,80,82,84;76,80,82,85;76,80,82,86;76,80,82,87;76,80,82,88;76,80,82,89;76,80,82,90;76,80,82,91;76,80,83,84;76,80,83,85;76,80,83,86;76,80,83,87;76,80,83,88;76,80,83,89;76,80,83,90;76,80,83,91;76,80,84,85;76,80,84,86;76,80,84,87;76,80,84,88;76,80,84,89;76,80,84,90;76,80,84,91;76,80,85,86;76,80,85,87;76,80,85,88;76,80,85,89;76,80,85,90;76,80,85,91;76,80,86,87;76,80,86,88;76,80,86,89;76,80,86,90;76,80,86,91;76,80,87,88;76,80,87,89;76,80,87,90;76,80,87,91;76,80,88,89;76,80,88,90;76,80,88,91;76,80,89,90;76,80,89,91;76,80,90,91;76,81,82,83;76,81,82,84;76,81,82,85;76,81,82,86;76,81,82,87;76,81,82,88;76,81,82,89;76,81,82,90;76,81,82,91;76,81,83,84;76,81,83,85;76,81,83,86;76,81,83,87;76,81,83,88;76,81,83,89;76,81,83,90;76,81,83,91;76,81,84,85;76,81,84,86;76,81,84,87;76,81,84,88;76,81,84,89;76,81,84,90;76,81,84,91;76,81,85,86;76,81,85,87;76,81,85,88;76,81,85,89;76,81,85,90;76,81,85,91;76,81,86,87;76,81,86,88;76,81,86,89;76,81,86,90;76,81,86,91;76,81,87,88;76,81,87,89;76,81,87,90;76,81,87,91;76,81,88,89;76,81,88,90;76,81,88,91;76,81,89,90;76,81,89,91;76,81,90,91;76,82,83,84;76,82,83,85;76,82,83,86;76,82,83,87;76,82,83,88;76,82,83,89;76,82,83,90;76,82,83,91;76,82,84,85;76,82,84,86;76,82,84,87;76,82,84,88;76,82,84,89;76,82,84,90;76,82,84,91;76,82,85,86;76,82,85,87;76,82,85,88;76,82,85,89;76,82,85,90;76,82,85,91;76,82,86,87;76,82,86,88;76,82,86,89;76,82,86,90;76,82,86,91;76,82,87,88;76,82,87,89;76,82,87,90;76,82,87,91;76,82,88,89;76,82,88,90;76,82,88,91;76,82,89,90;76,82,89,91;76,82,90,91;76,83,84,85;76,83,84,86;76,83,84,87;76,83,84,88;76,83,84,89;76,83,84,90;76,83,84,91;76,83,85,86;76,83,85,87;76,83,85,88;76,83,85,89;76,83,85,90;76,83,85,91;76,83,86,87;76,83,86,88;76,83,86,89;76,83,86,90;76,83,86,91;76,83,87,88;76,83,87,89;76,83,87,90;76,83,87,91;76,83,88,89;76,83,88,90;76,83,88,91;76,83,89,90;76,83,89,91;76,83,90,91;76,84,85,86;76,84,85,87;76,84,85,88;76,84,85,89;76,84,85,90;76,84,85,91;76,84,86,87;76,84,86,88;76,84,86,89;76,84,86,90;76,84,86,91;76,84,87,88;76,84,87,89;76,84,87,90;76,84,87,91;76,84,88,89;76,84,88,90;76,84,88,91;76,84,89,90;76,84,89,91;76,84,90,91;76,85,86,87;76,85,86,88;76,85,86,89;76,85,86,90;76,85,86,91;76,85,87,88;76,85,87,89;76,85,87,90;76,85,87,91;76,85,88,89;76,85,88,90;76,85,88,91;76,85,89,90;76,85,89,91;76,85,90,91;76,86,87,88;76,86,87,89;76,86,87,90;76,86,87,91;76,86,88,89;76,86,88,90;76,86,88,91;76,86,89,90;76,86,89,91;76,86,90,91;76,87,88,89;76,87,88,90;76,87,88,91;76,87,89,90;76,87,89,91;76,87,90,91;76,88,89,90;76,88,89,91;76,88,90,91;76,89,90,91;77,78,79,80;77,78,79,81;77,78,79,82;77,78,79,83;77,78,79,84;77,78,79,85;77,78,79,86;77,78,79,87;77,78,79,88;77,78,79,89;77,78,79,90;77,78,79,91;77,78,80,81;77,78,80,82;77,78,80,83;77,78,80,84;77,78,80,85;77,78,80,86;77,78,80,87;77,78,80,88;77,78,80,89;77,78,80,90;77,78,80,91;77,78,81,82;77,78,81,83;77,78,81,84;77,78,81,85;77,78,81,86;77,78,81,87;77,78,81,88;77,78,81,89;77,78,81,90;77,78,81,91;77,78,82,83;77,78,82,84;77,78,82,85;77,78,82,86;77,78,82,87;77,78,82,88;77,78,82,89;77,78,82,90;77,78,82,91;77,78,83,84;77,78,83,85;77,78,83,86;77,78,83,87;77,78,83,88;77,78,83,89;77,78,83,90;77,78,83,91;77,78,84,85;77,78,84,86;77,78,84,87;77,78,84,88;77,78,84,89;77,78,84,90;77,78,84,91;77,78,85,86;77,78,85,87;77,78,85,88;77,78,85,89;77,78,85,90;77,78,85,91;77,78,86,87;77,78,86,88;77,78,86,89;77,78,86,90;77,78,86,91;77,78,87,88;77,78,87,89;77,78,87,90;77,78,87,91;77,78,88,89;77,78,88,90;77,78,88,91;77,78,89,90;77,78,89,91;77,78,90,91;77,79,80,81;77,79,80,82;77,79,80,83;77,79,80,84;77,79,80,85;77,79,80,86;77,79,80,87;77,79,80,88;77,79,80,89;77,79,80,90;77,79,80,91;77,79,81,82;77,79,81,83;77,79,81,84;77,79,81,85;77,79,81,86;77,79,81,87;77,79,81,88;77,79,81,89;77,79,81,90;77,79,81,91;77,79,82,83;77,79,82,84;77,79,82,85;77,79,82,86;77,79,82,87;77,79,82,88;77,79,82,89;77,79,82,90;77,79,82,91;77,79,83,84;77,79,83,85;77,79,83,86;77,79,83,87;77,79,83,88;77,79,83,89;77,79,83,90;77,79,83,91;77,79,84,85;77,79,84,86;77,79,84,87;77,79,84,88;77,79,84,89;77,79,84,90;77,79,84,91;77,79,85,86;77,79,85,87;77,79,85,88;77,79,85,89;77,79,85,90;77,79,85,91;77,79,86,87;77,79,86,88;77,79,86,89;77,79,86,90;77,79,86,91;77,79,87,88;77,79,87,89;77,79,87,90;77,79,87,91;77,79,88,89;77,79,88,90;77,79,88,91;77,79,89,90;77,79,89,91;77,79,90,91;77,80,81,82;77,80,81,83;77,80,81,84;77,80,81,85;77,80,81,86;77,80,81,87;77,80,81,88;77,80,81,89;77,80,81,90;77,80,81,91;77,80,82,83;77,80,82,84;77,80,82,85;77,80,82,86;77,80,82,87;77,80,82,88;77,80,82,89;77,80,82,90;77,80,82,91;77,80,83,84;77,80,83,85;77,80,83,86;77,80,83,87;77,80,83,88;77,80,83,89;77,80,83,90;77,80,83,91;77,80,84,85;77,80,84,86;77,80,84,87;77,80,84,88;77,80,84,89;77,80,84,90;77,80,84,91;77,80,85,86;77,80,85,87;77,80,85,88;77,80,85,89;77,80,85,90;77,80,85,91;77,80,86,87;77,80,86,88;77,80,86,89;77,80,86,90;77,80,86,91;77,80,87,88;77,80,87,89;77,80,87,90;77,80,87,91;77,80,88,89;77,80,88,90;77,80,88,91;77,80,89,90;77,80,89,91;77,80,90,91;77,81,82,83;77,81,82,84;77,81,82,85;77,81,82,86;77,81,82,87;77,81,82,88;77,81,82,89;77,81,82,90;77,81,82,91;77,81,83,84;77,81,83,85;77,81,83,86;77,81,83,87;77,81,83,88;77,81,83,89;77,81,83,90;77,81,83,91;77,81,84,85;77,81,84,86;77,81,84,87;77,81,84,88;77,81,84,89;77,81,84,90;77,81,84,91;77,81,85,86;77,81,85,87;77,81,85,88;77,81,85,89;77,81,85,90;77,81,85,91;77,81,86,87;77,81,86,88;77,81,86,89;77,81,86,90;77,81,86,91;77,81,87,88;77,81,87,89;77,81,87,90;77,81,87,91;77,81,88,89;77,81,88,90;77,81,88,91;77,81,89,90;77,81,89,91;77,81,90,91;77,82,83,84;77,82,83,85;77,82,83,86;77,82,83,87;77,82,83,88;77,82,83,89;77,82,83,90;77,82,83,91;77,82,84,85;77,82,84,86;77,82,84,87;77,82,84,88;77,82,84,89;77,82,84,90;77,82,84,91;77,82,85,86;77,82,85,87;77,82,85,88;77,82,85,89;77,82,85,90;77,82,85,91;77,82,86,87;77,82,86,88;77,82,86,89;77,82,86,90;77,82,86,91;77,82,87,88;77,82,87,89;77,82,87,90;77,82,87,91;77,82,88,89;77,82,88,90;77,82,88,91;77,82,89,90;77,82,89,91;77,82,90,91;77,83,84,85;77,83,84,86;77,83,84,87;77,83,84,88;77,83,84,89;77,83,84,90;77,83,84,91;77,83,85,86;77,83,85,87;77,83,85,88;77,83,85,89;77,83,85,90;77,83,85,91;77,83,86,87;77,83,86,88;77,83,86,89;77,83,86,90;77,83,86,91;77,83,87,88;77,83,87,89;77,83,87,90;77,83,87,91;77,83,88,89;77,83,88,90;77,83,88,91;77,83,89,90;77,83,89,91;77,83,90,91;77,84,85,86;77,84,85,87;77,84,85,88;77,84,85,89;77,84,85,90;77,84,85,91;77,84,86,87;77,84,86,88;77,84,86,89;77,84,86,90;77,84,86,91;77,84,87,88;77,84,87,89;77,84,87,90;77,84,87,91;77,84,88,89;77,84,88,90;77,84,88,91;77,84,89,90;77,84,89,91;77,84,90,91;77,85,86,87;77,85,86,88;77,85,86,89;77,85,86,90;77,85,86,91;77,85,87,88;77,85,87,89;77,85,87,90;77,85,87,91;77,85,88,89;77,85,88,90;77,85,88,91;77,85,89,90;77,85,89,91;77,85,90,91;77,86,87,88;77,86,87,89;77,86,87,90;77,86,87,91;77,86,88,89;77,86,88,90;77,86,88,91;77,86,89,90;77,86,89,91;77,86,90,91;77,87,88,89;77,87,88,90;77,87,88,91;77,87,89,90;77,87,89,91;77,87,90,91;77,88,89,90;77,88,89,91;77,88,90,91;77,89,90,91;78,79,80,81;78,79,80,82;78,79,80,83;78,79,80,84;78,79,80,85;78,79,80,86;78,79,80,87;78,79,80,88;78,79,80,89;78,79,80,90;78,79,80,91;78,79,81,82;78,79,81,83;78,79,81,84;78,79,81,85;78,79,81,86;78,79,81,87;78,79,81,88;78,79,81,89;78,79,81,90;78,79,81,91;78,79,82,83;78,79,82,84;78,79,82,85;78,79,82,86;78,79,82,87;78,79,82,88;78,79,82,89;78,79,82,90;78,79,82,91;78,79,83,84;78,79,83,85;78,79,83,86;78,79,83,87;78,79,83,88;78,79,83,89;78,79,83,90;78,79,83,91;78,79,84,85;78,79,84,86;78,79,84,87;78,79,84,88;78,79,84,89;78,79,84,90;78,79,84,91;78,79,85,86;78,79,85,87;78,79,85,88;78,79,85,89;78,79,85,90;78,79,85,91;78,79,86,87;78,79,86,88;78,79,86,89;78,79,86,90;78,79,86,91;78,79,87,88;78,79,87,89;78,79,87,90;78,79,87,91;78,79,88,89;78,79,88,90;78,79,88,91;78,79,89,90;78,79,89,91;78,79,90,91;78,80,81,82;78,80,81,83;78,80,81,84;78,80,81,85;78,80,81,86;78,80,81,87;78,80,81,88;78,80,81,89;78,80,81,90;78,80,81,91;78,80,82,83;78,80,82,84;78,80,82,85;78,80,82,86;78,80,82,87;78,80,82,88;78,80,82,89;78,80,82,90;78,80,82,91;78,80,83,84;78,80,83,85;78,80,83,86;78,80,83,87;78,80,83,88;78,80,83,89;78,80,83,90;78,80,83,91;78,80,84,85;78,80,84,86;78,80,84,87;78,80,84,88;78,80,84,89;78,80,84,90;78,80,84,91;78,80,85,86;78,80,85,87;78,80,85,88;78,80,85,89;78,80,85,90;78,80,85,91;78,80,86,87;78,80,86,88;78,80,86,89;78,80,86,90;78,80,86,91;78,80,87,88;78,80,87,89;78,80,87,90;78,80,87,91;78,80,88,89;78,80,88,90;78,80,88,91;78,80,89,90;78,80,89,91;78,80,90,91;78,81,82,83;78,81,82,84;78,81,82,85;78,81,82,86;78,81,82,87;78,81,82,88;78,81,82,89;78,81,82,90;78,81,82,91;78,81,83,84;78,81,83,85;78,81,83,86;78,81,83,87;78,81,83,88;78,81,83,89;78,81,83,90;78,81,83,91;78,81,84,85;78,81,84,86;78,81,84,87;78,81,84,88;78,81,84,89;78,81,84,90;78,81,84,91;78,81,85,86;78,81,85,87;78,81,85,88;78,81,85,89;78,81,85,90;78,81,85,91;78,81,86,87;78,81,86,88;78,81,86,89;78,81,86,90;78,81,86,91;78,81,87,88;78,81,87,89;78,81,87,90;78,81,87,91;78,81,88,89;78,81,88,90;78,81,88,91;78,81,89,90;78,81,89,91;78,81,90,91;78,82,83,84;78,82,83,85;78,82,83,86;78,82,83,87;78,82,83,88;78,82,83,89;78,82,83,90;78,82,83,91;78,82,84,85;78,82,84,86;78,82,84,87;78,82,84,88;78,82,84,89;78,82,84,90;78,82,84,91;78,82,85,86;78,82,85,87;78,82,85,88;78,82,85,89;78,82,85,90;78,82,85,91;78,82,86,87;78,82,86,88;78,82,86,89;78,82,86,90;78,82,86,91;78,82,87,88;78,82,87,89;78,82,87,90;78,82,87,91;78,82,88,89;78,82,88,90;78,82,88,91;78,82,89,90;78,82,89,91;78,82,90,91;78,83,84,85;78,83,84,86;78,83,84,87;78,83,84,88;78,83,84,89;78,83,84,90;78,83,84,91;78,83,85,86;78,83,85,87;78,83,85,88;78,83,85,89;78,83,85,90;78,83,85,91;78,83,86,87;78,83,86,88;78,83,86,89;78,83,86,90;78,83,86,91;78,83,87,88;78,83,87,89;78,83,87,90;78,83,87,91;78,83,88,89;78,83,88,90;78,83,88,91;78,83,89,90;78,83,89,91;78,83,90,91;78,84,85,86;78,84,85,87;78,84,85,88;78,84,85,89;78,84,85,90;78,84,85,91;78,84,86,87;78,84,86,88;78,84,86,89;78,84,86,90;78,84,86,91;78,84,87,88;78,84,87,89;78,84,87,90;78,84,87,91;78,84,88,89;78,84,88,90;78,84,88,91;78,84,89,90;78,84,89,91;78,84,90,91;78,85,86,87;78,85,86,88;78,85,86,89;78,85,86,90;78,85,86,91;78,85,87,88;78,85,87,89;78,85,87,90;78,85,87,91;78,85,88,89;78,85,88,90;78,85,88,91;78,85,89,90;78,85,89,91;78,85,90,91;78,86,87,88;78,86,87,89;78,86,87,90;78,86,87,91;78,86,88,89;78,86,88,90;78,86,88,91;78,86,89,90;78,86,89,91;78,86,90,91;78,87,88,89;78,87,88,90;78,87,88,91;78,87,89,90;78,87,89,91;78,87,90,91;78,88,89,90;78,88,89,91;78,88,90,91;78,89,90,91;79,80,81,82;79,80,81,83;79,80,81,84;79,80,81,85;79,80,81,86;79,80,81,87;79,80,81,88;79,80,81,89;79,80,81,90;79,80,81,91;79,80,82,83;79,80,82,84;79,80,82,85;79,80,82,86;79,80,82,87;79,80,82,88;79,80,82,89;79,80,82,90;79,80,82,91;79,80,83,84;79,80,83,85;79,80,83,86;79,80,83,87;79,80,83,88;79,80,83,89;79,80,83,90;79,80,83,91;79,80,84,85;79,80,84,86;79,80,84,87;79,80,84,88;79,80,84,89;79,80,84,90;79,80,84,91;79,80,85,86;79,80,85,87;79,80,85,88;79,80,85,89;79,80,85,90;79,80,85,91;79,80,86,87;79,80,86,88;79,80,86,89;79,80,86,90;79,80,86,91;79,80,87,88;79,80,87,89;79,80,87,90;79,80,87,91;79,80,88,89;79,80,88,90;79,80,88,91;79,80,89,90;79,80,89,91;79,80,90,91;79,81,82,83;79,81,82,84;79,81,82,85;79,81,82,86;79,81,82,87;79,81,82,88;79,81,82,89;79,81,82,90;79,81,82,91;79,81,83,84;79,81,83,85;79,81,83,86;79,81,83,87;79,81,83,88;79,81,83,89;79,81,83,90;79,81,83,91;79,81,84,85;79,81,84,86;79,81,84,87;79,81,84,88;79,81,84,89;79,81,84,90;79,81,84,91;79,81,85,86;79,81,85,87;79,81,85,88;79,81,85,89;79,81,85,90;79,81,85,91;79,81,86,87;79,81,86,88;79,81,86,89;79,81,86,90;79,81,86,91;79,81,87,88;79,81,87,89;79,81,87,90;79,81,87,91;79,81,88,89;79,81,88,90;79,81,88,91;79,81,89,90;79,81,89,91;79,81,90,91;79,82,83,84;79,82,83,85;79,82,83,86;79,82,83,87;79,82,83,88;79,82,83,89;79,82,83,90;79,82,83,91;79,82,84,85;79,82,84,86;79,82,84,87;79,82,84,88;79,82,84,89;79,82,84,90;79,82,84,91;79,82,85,86;79,82,85,87;79,82,85,88;79,82,85,89;79,82,85,90;79,82,85,91;79,82,86,87;79,82,86,88;79,82,86,89;79,82,86,90;79,82,86,91;79,82,87,88;79,82,87,89;79,82,87,90;79,82,87,91;79,82,88,89;79,82,88,90;79,82,88,91;79,82,89,90;79,82,89,91;79,82,90,91;79,83,84,85;79,83,84,86;79,83,84,87;79,83,84,88;79,83,84,89;79,83,84,90;79,83,84,91;79,83,85,86;79,83,85,87;79,83,85,88;79,83,85,89;79,83,85,90;79,83,85,91;79,83,86,87;79,83,86,88;79,83,86,89;79,83,86,90;79,83,86,91;79,83,87,88;79,83,87,89;79,83,87,90;79,83,87,91;79,83,88,89;79,83,88,90;79,83,88,91;79,83,89,90;79,83,89,91;79,83,90,91;79,84,85,86;79,84,85,87;79,84,85,88;79,84,85,89;79,84,85,90;79,84,85,91;79,84,86,87;79,84,86,88;79,84,86,89;79,84,86,90;79,84,86,91;79,84,87,88;79,84,87,89;79,84,87,90;79,84,87,91;79,84,88,89;79,84,88,90;79,84,88,91;79,84,89,90;79,84,89,91;79,84,90,91;79,85,86,87;79,85,86,88;79,85,86,89;79,85,86,90;79,85,86,91;79,85,87,88;79,85,87,89;79,85,87,90;79,85,87,91;79,85,88,89;79,85,88,90;79,85,88,91;79,85,89,90;79,85,89,91;79,85,90,91;79,86,87,88;79,86,87,89;79,86,87,90;79,86,87,91;79,86,88,89;79,86,88,90;79,86,88,91;79,86,89,90;79,86,89,91;79,86,90,91;79,87,88,89;79,87,88,90;79,87,88,91;79,87,89,90;79,87,89,91;79,87,90,91;79,88,89,90;79,88,89,91;79,88,90,91;79,89,90,91;80,81,82,83;80,81,82,84;80,81,82,85;80,81,82,86;80,81,82,87;80,81,82,88;80,81,82,89;80,81,82,90;80,81,82,91;80,81,83,84;80,81,83,85;80,81,83,86;80,81,83,87;80,81,83,88;80,81,83,89;80,81,83,90;80,81,83,91;80,81,84,85;80,81,84,86;80,81,84,87;80,81,84,88;80,81,84,89;80,81,84,90;80,81,84,91;80,81,85,86;80,81,85,87;80,81,85,88;80,81,85,89;80,81,85,90;80,81,85,91;80,81,86,87;80,81,86,88;80,81,86,89;80,81,86,90;80,81,86,91;80,81,87,88;80,81,87,89;80,81,87,90;80,81,87,91;80,81,88,89;80,81,88,90;80,81,88,91;80,81,89,90;80,81,89,91;80,81,90,91;80,82,83,84;80,82,83,85;80,82,83,86;80,82,83,87;80,82,83,88;80,82,83,89;80,82,83,90;80,82,83,91;80,82,84,85;80,82,84,86;80,82,84,87;80,82,84,88;80,82,84,89;80,82,84,90;80,82,84,91;80,82,85,86;80,82,85,87;80,82,85,88;80,82,85,89;80,82,85,90;80,82,85,91;80,82,86,87;80,82,86,88;80,82,86,89;80,82,86,90;80,82,86,91;80,82,87,88;80,82,87,89;80,82,87,90;80,82,87,91;80,82,88,89;80,82,88,90;80,82,88,91;80,82,89,90;80,82,89,91;80,82,90,91;80,83,84,85;80,83,84,86;80,83,84,87;80,83,84,88;80,83,84,89;80,83,84,90;80,83,84,91;80,83,85,86;80,83,85,87;80,83,85,88;80,83,85,89;80,83,85,90;80,83,85,91;80,83,86,87;80,83,86,88;80,83,86,89;80,83,86,90;80,83,86,91;80,83,87,88;80,83,87,89;80,83,87,90;80,83,87,91;80,83,88,89;80,83,88,90;80,83,88,91;80,83,89,90;80,83,89,91;80,83,90,91;80,84,85,86;80,84,85,87;80,84,85,88;80,84,85,89;80,84,85,90;80,84,85,91;80,84,86,87;80,84,86,88;80,84,86,89;80,84,86,90;80,84,86,91;80,84,87,88;80,84,87,89;80,84,87,90;80,84,87,91;80,84,88,89;80,84,88,90;80,84,88,91;80,84,89,90;80,84,89,91;80,84,90,91;80,85,86,87;80,85,86,88;80,85,86,89;80,85,86,90;80,85,86,91;80,85,87,88;80,85,87,89;80,85,87,90;80,85,87,91;80,85,88,89;80,85,88,90;80,85,88,91;80,85,89,90;80,85,89,91;80,85,90,91;80,86,87,88;80,86,87,89;80,86,87,90;80,86,87,91;80,86,88,89;80,86,88,90;80,86,88,91;80,86,89,90;80,86,89,91;80,86,90,91;80,87,88,89;80,87,88,90;80,87,88,91;80,87,89,90;80,87,89,91;80,87,90,91;80,88,89,90;80,88,89,91;80,88,90,91;80,89,90,91;81,82,83,84;81,82,83,85;81,82,83,86;81,82,83,87;81,82,83,88;81,82,83,89;81,82,83,90;81,82,83,91;81,82,84,85;81,82,84,86;81,82,84,87;81,82,84,88;81,82,84,89;81,82,84,90;81,82,84,91;81,82,85,86;81,82,85,87;81,82,85,88;81,82,85,89;81,82,85,90;81,82,85,91;81,82,86,87;81,82,86,88;81,82,86,89;81,82,86,90;81,82,86,91;81,82,87,88;81,82,87,89;81,82,87,90;81,82,87,91;81,82,88,89;81,82,88,90;81,82,88,91;81,82,89,90;81,82,89,91;81,82,90,91;81,83,84,85;81,83,84,86;81,83,84,87;81,83,84,88;81,83,84,89;81,83,84,90;81,83,84,91;81,83,85,86;81,83,85,87;81,83,85,88;81,83,85,89;81,83,85,90;81,83,85,91;81,83,86,87;81,83,86,88;81,83,86,89;81,83,86,90;81,83,86,91;81,83,87,88;81,83,87,89;81,83,87,90;81,83,87,91;81,83,88,89;81,83,88,90;81,83,88,91;81,83,89,90;81,83,89,91;81,83,90,91;81,84,85,86;81,84,85,87;81,84,85,88;81,84,85,89;81,84,85,90;81,84,85,91;81,84,86,87;81,84,86,88;81,84,86,89;81,84,86,90;81,84,86,91;81,84,87,88;81,84,87,89;81,84,87,90;81,84,87,91;81,84,88,89;81,84,88,90;81,84,88,91;81,84,89,90;81,84,89,91;81,84,90,91;81,85,86,87;81,85,86,88;81,85,86,89;81,85,86,90;81,85,86,91;81,85,87,88;81,85,87,89;81,85,87,90;81,85,87,91;81,85,88,89;81,85,88,90;81,85,88,91;81,85,89,90;81,85,89,91;81,85,90,91;81,86,87,88;81,86,87,89;81,86,87,90;81,86,87,91;81,86,88,89;81,86,88,90;81,86,88,91;81,86,89,90;81,86,89,91;81,86,90,91;81,87,88,89;81,87,88,90;81,87,88,91;81,87,89,90;81,87,89,91;81,87,90,91;81,88,89,90;81,88,89,91;81,88,90,91;81,89,90,91;82,83,84,85;82,83,84,86;82,83,84,87;82,83,84,88;82,83,84,89;82,83,84,90;82,83,84,91;82,83,85,86;82,83,85,87;82,83,85,88;82,83,85,89;82,83,85,90;82,83,85,91;82,83,86,87;82,83,86,88;82,83,86,89;82,83,86,90;82,83,86,91;82,83,87,88;82,83,87,89;82,83,87,90;82,83,87,91;82,83,88,89;82,83,88,90;82,83,88,91;82,83,89,90;82,83,89,91;82,83,90,91;82,84,85,86;82,84,85,87;82,84,85,88;82,84,85,89;82,84,85,90;82,84,85,91;82,84,86,87;82,84,86,88;82,84,86,89;82,84,86,90;82,84,86,91;82,84,87,88;82,84,87,89;82,84,87,90;82,84,87,91;82,84,88,89;82,84,88,90;82,84,88,91;82,84,89,90;82,84,89,91;82,84,90,91;82,85,86,87;82,85,86,88;82,85,86,89;82,85,86,90;82,85,86,91;82,85,87,88;82,85,87,89;82,85,87,90;82,85,87,91;82,85,88,89;82,85,88,90;82,85,88,91;82,85,89,90;82,85,89,91;82,85,90,91;82,86,87,88;82,86,87,89;82,86,87,90;82,86,87,91;82,86,88,89;82,86,88,90;82,86,88,91;82,86,89,90;82,86,89,91;82,86,90,91;82,87,88,89;82,87,88,90;82,87,88,91;82,87,89,90;82,87,89,91;82,87,90,91;82,88,89,90;82,88,89,91;82,88,90,91;82,89,90,91;83,84,85,86;83,84,85,87;83,84,85,88;83,84,85,89;83,84,85,90;83,84,85,91;83,84,86,87;83,84,86,88;83,84,86,89;83,84,86,90;83,84,86,91;83,84,87,88;83,84,87,89;83,84,87,90;83,84,87,91;83,84,88,89;83,84,88,90;83,84,88,91;83,84,89,90;83,84,89,91;83,84,90,91;83,85,86,87;83,85,86,88;83,85,86,89;83,85,86,90;83,85,86,91;83,85,87,88;83,85,87,89;83,85,87,90;83,85,87,91;83,85,88,89;83,85,88,90;83,85,88,91;83,85,89,90;83,85,89,91;83,85,90,91;83,86,87,88;83,86,87,89;83,86,87,90;83,86,87,91;83,86,88,89;83,86,88,90;83,86,88,91;83,86,89,90;83,86,89,91;83,86,90,91;83,87,88,89;83,87,88,90;83,87,88,91;83,87,89,90;83,87,89,91;83,87,90,91;83,88,89,90;83,88,89,91;83,88,90,91;83,89,90,91;84,85,86,87;84,85,86,88;84,85,86,89;84,85,86,90;84,85,86,91;84,85,87,88;84,85,87,89;84,85,87,90;84,85,87,91;84,85,88,89;84,85,88,90;84,85,88,91;84,85,89,90;84,85,89,91;84,85,90,91;84,86,87,88;84,86,87,89;84,86,87,90;84,86,87,91;84,86,88,89;84,86,88,90;84,86,88,91;84,86,89,90;84,86,89,91;84,86,90,91;84,87,88,89;84,87,88,90;84,87,88,91;84,87,89,90;84,87,89,91;84,87,90,91;84,88,89,90;84,88,89,91;84,88,90,91;84,89,90,91;85,86,87,88;85,86,87,89;85,86,87,90;85,86,87,91;85,86,88,89;85,86,88,90;85,86,88,91;85,86,89,90;85,86,89,91;85,86,90,91;85,87,88,89;85,87,88,90;85,87,88,91;85,87,89,90;85,87,89,91;85,87,90,91;85,88,89,90;85,88,89,91;85,88,90,91;85,89,90,91;86,87,88,89;86,87,88,90;86,87,88,91;86,87,89,90;86,87,89,91;86,87,90,91;86,88,89,90;86,88,89,91;86,88,90,91;86,89,90,91;87,88,89,90;87,88,89,91;87,88,90,91;87,89,90,91;88,89,90,91
0
0

- Moon Access
102,105,108,113,118

0
0

- Deku Trial HP
265,261
0;463,472,473
0
0

- Goron Trial HP
265,262
92,461;463,472,473
0
0

- Zora Trial HP
265,263
478;93
0
0

- Link Trial HP
265,264
463,472,473;10,475,473;10,475,463;10,92,475;4,120,21,461,10;4,120,409,461,464,10;4,120,13,10;4,120,157,461,464,10;4,120,155,461,464,10;4,120,148,461,464,10;4,120,417,461,464,10;4,120,418,461,464,10;270
0
0

- Fierce Deity's Mask
265,72,73,74,75,76,77,78,79,80,81,82,83,84,85,86,87,88,89,90,91
0,10,92,93,120,461,462;0,10,92,120,478,461,462;0,10,92,93,461,475;0,10,92,475,478,461;92,93,120,272,465,472,473;92,120,478,461,465,472,473;92,93,461,475,463,472,473;92,475,478,461,463,472,473;0,93,120,465,472,473;0,120,478,465,472,473;0,93,475,463,472,473;0,475,478,463,472,473;0,92,475,270,478,461;0,92,93,475,270,461;93,475,270,465,472,473;475,270,478,465,472,473;0,92,93,120,270,461,462;0,92,120,270,478,461,462;93,120,270,465,472,473;120,270,478,465,472,473
0
0

- Link Trial 30 Arrows
265,264
10;463,472,473;270
0
0

- Link Trial 10 Bombchu
265,264
10,473;463,472,473;10,92;10,463;270;4,120,21,461,10;4,120,409,461,464,10;4,120,13,10;4,120,157,461,464,10;4,120,155,461,464,10;4,120,148,461,464,10;4,120,417,461,464,10;4,120,418,461,464,10
0
0

- Pre-Clocktown 10 Deku Nuts
463,472,473

0
0

- Starting Sword


0
0

- Starting Shield


0
0

- Starting Heart 1


0
0

- Starting Heart 2


0
0

- Ranch Cow #1 Milk
96,109

42
0

- Ranch Cow #2 Milk
96,109,463,472

42
0

- Ranch Cow #3 Milk
96,109

42
0

- Well Cow Milk
96,115,88,173
103;4,120,461;10,463,472;93,462,473;270,462,473
0
0

- Termina Grotto Cow #1 Milk
96,119
1
0
0

- Termina Grotto Cow #2 Milk
96,119

0
0

- Great Bay Coast Grotto Cow #1 Milk
96,110
10;463,473,473
0
0

- Great Bay Coast Grotto Cow #2 Milk
96,110
0;463,472,473
0
0

- Swamp Skulltula Main Room Near Ceiling
474
465,472,473;0,120;0,461;120,270;93;10
0
0

- Swamp Skulltula Gold Room Near Ceiling
474
465,472,473;93;10;270;464,172;464,173;97
0
0

- Swamp Skulltula Monument Room Torch
474

0
0

- Swamp Skulltula Gold Room Pillar
474

0
0

- Swamp Skulltula Pot Room Jar
474

0
0

- Swamp Skulltula Tree Room Grass 1
474

0
0

- Swamp Skulltula Tree Room Grass 2
474

0
0

- Swamp Skulltula Main Room Water
474

0
0

- Swamp Skulltula Main Room Lower Left Soft Soil
474,464,169

0
0

- Swamp Skulltula Monument Room Crate 1
474

0
0

- Swamp Skulltula Main Room Upper Soft Soil
474,464,169

0
0

- Swamp Skulltula Main Room Lower Right Soft Soil
474,464,169

0
0

- Swamp Skulltula Monument Room Lower Wall
474
465,472,473;93;10;270;119,464,172;119,464,173;119,97;92,464,172;92,464,173;92,97
0
0

- Swamp Skulltula Monument Room On Monument
474

0
0

- Swamp Skulltula Main Room Pillar
474

0
0

- Swamp Skulltula Pot Room Pot 1
474

0
0

- Swamp Skulltula Pot Room Pot 2
474

0
0

- Swamp Skulltula Gold Room Hive
474
465;120;0,461;93;10;270;473,464,172;473,464,173;473,97;119,464,172;119,464,172;119,97
0
0

- Swamp Skulltula Main Room Upper Pillar
474

0
0

- Swamp Skulltula Pot Room Behind Vines
474
473;93;270;10,463,472
0
0

- Swamp Skulltula Tree Room Tree 1
474

0
0

- Swamp Skulltula Pot Room Wall
474

0
0

- Swamp Skulltula Pot Room Hive 1
474
465;120;0,461;93;10
0
0

- Swamp Skulltula Tree Room Tree 2
474

0
0

- Swamp Skulltula Gold Room Wall
474

0
0

- Swamp Skulltula Tree Room Hive
474
465;120;0,461;93;10
0
0

- Swamp Skulltula Monument Room Crate 2
474

0
0

- Swamp Skulltula Pot Room Hive 2
474
465;120;0,461;93;10
0
0

- Swamp Skulltula Tree Room Tree 3
474

0
0

- Swamp Skulltula Main Room Jar
474

0
0

- Ocean Skulltula Storage Room Behind Boat
476

0
0

- Ocean Skulltula Library Hole Behind Picture
476
10;93
0
0

- Ocean Skulltula Library Hole Behind Cabinet
476
10;93
0
0

- Ocean Skulltula Library On Corner Bookshelf
476

0
0

- Ocean Skulltula 2nd Room Ceiling Edge
476
10;93;270;465,472,473
0
0

- Ocean Skulltula 2nd Room Ceiling Plank
476
10;93;465,472,473
0
0

- Ocean Skulltula Colored Skulls Ceiling Edge
476
10;93;270
0
0

- Ocean Skulltula Library Ceiling Edge
476
10;98;270;465,472,473
0
0

- Ocean Skulltula Storage Room Ceiling Web
476

0
0

- Ocean Skulltula Storage Room Behind Crate
476

0
0

- Ocean Skulltula 2nd Room Jar
476

0
0

- Ocean Skulltula Entrance Right Wall
110,119

0
0

- Ocean Skulltula Entrance Left Wall
110,119

0
0

- Ocean Skulltula 2nd Room Webbed Hole
476
10;93
0
0

- Ocean Skulltula Entrance Web
110,119
465,472,473;10;93
0
0

- Ocean Skulltula Colored Skulls Chandelier 1
476

0
0

- Ocean Skulltula Colored Skulls Chandelier 2
476

0
0

- Ocean Skulltula Colored Skulls Chandelier 3
476

0
0

- Ocean Skulltula Colored Skulls Behind Picture
476
120;10;93;0,461
0
0

- Ocean Skulltula Library Behind Picture
476
120;10;93;0,461
0
0

- Ocean Skulltula Library Behind Bookcase 1
476

0
0

- Ocean Skulltula Storage Room Crate
476

0
0

- Ocean Skulltula 2nd Room Webbed Pot
476

0
0

- Ocean Skulltula 2nd Room Upper Pot
476

0
0

- Ocean Skulltula Colored Skulls Pot
476

0
0

- Ocean Skulltula Storage Room Jar
476

0
0

- Ocean Skulltula 2nd Room Lower Pot
476

0
0

- Ocean Skulltula Library Behind Bookcase 2
476

0
0

- Ocean Skulltula 2nd Room Behind Skull 1
476

0
0

- Ocean Skulltula 2nd Room Behind Skull 2
476

0
0

- Clock Town Stray Fairy


0
0

- Woodfall Pre-Boss Lower Right Bubble
104
10;465,472,473;119,270;119,120,472;119,129,472;0,120;0,129;270,120;270,129
0
0

- Woodfall Entrance Fairy
104

0
0

- Woodfall Pre-Boss Upper Left Bubble
104
10,76;10,93;10,270;465,472,473;119,270;119,472,120,76;119,472,120,93;119,472,129,93;0,119;0,129;270,129
0
0

- Woodfall Pre-Boss Pillar Bubble
104
10,76;10,93;10,270;465,472,473;119,270;119,472,120,76;119,472,120,93;119,472,129,93;119,472,129,76;0,120;0,129;270,120;270,129
0
0

- Woodfall Deku Baba
104
0;10;270;119,472
0
0

- Woodfall Poison Water Bubble
104
10;465,472,473;119,270;119,120,472;119,129,472;0,120;0,129;270,120;270,129
0
0

- Woodfall Main Room Bubble
104
10;465,472,473;119,270;119,120,472;119,129,472;0,120;0,129;270,120;270,129
0
0

- Woodfall Skulltula
104
10;465,472,473;119,270;119,120,472;119,129,472;0,120;0,129;270,120;270,129
0
0

- Woodfall Pre-Boss Upper Right Bubble
104
10;465,472,473;119,270;119,120,472;119,129,472;0,120;0,129;270,120;270,129
0
0

- Woodfall Main Room Switch
104
10;465,472,473;119,270;119,120,472;119,129,472;0,120;0,129;270,120;270,129
0
0

- Woodfall Entrance Platform
104
0;270;10;119
0
0

- Woodfall Dark Room
104
10;465,472,473;119,270;119,120,472;119,129,472;0,120;0,129;270,120;270,129
0
0

- Woodfall Jar Fairy
104
0;10;270;119,472
0
0

- Woodfall Bridge Room Hive
104
0,129,473;0,129,93;0,129,119;0,129,461;10;270,129;119,472,129;465,472,473;119,270;119,472,120;0,120;270,120
0
0

- Woodfall Platform Room Hive
104
0,461;0,120;0,93,76;0,462,76;10,76;10,270;10,120;270,119,76;270,463;270,93,76;270,120;119,472,120;465,472,473;270,119,93;270,129,93
0
0

- Snowhead Snow Room Bubble
107
10,468,76;10,472,463,92,76;2,120,461,468,76;2,120,92,461,76;270,472,468,76,93;270,472,468,76,120;270,472,468,76,463;270,472,173,464,92,93,76;270,472,173,464,92,76,463;270,472,92,119,76;93,469,119,472,76;465,472,473
0
0

- Snowhead Ceiling Bubble
107,76
10;2,120,461;93,468;270,120;270,93;270,0,461;119,120,468
0
0

- Snowhead Dinolfos 1
107
10,92,173,464;10,92,120;2,92,120,461;2,120,461,468;270,92,173,464,472;270,92,120,472;465,472,473
0
0

- Snowhead Bridge Room Ledge Bubble
107
10;2,120,461;92,461;93;270;119;120,76
0
0

- Snowhead Bridge Room Pillar Bubble
107
10;2,120,461;92,461;93;270;119;120,76
0
0

- Snowhead Dinolfos 2
107
10,92,173,464;10,92,120;2,92,120,461;2,120,461,468;270,92,173,464,472;270,92,120,472;465,472,473
0
0

- Snowhead Map Room Fairy
107
10;2,120,461;92,461;93;270;119
0
0

- Snowhead Map Room Ledge
107
10;2,120,461;92,461,468,93;119,468;270;465,472,473
0
0

- Snowhead Basement
107,92
461;10;93;270;119
0
0

- Snowhead Twin Block
107
10;119,468;92,463;93;270;2,120,461,468;465,472,473
0
0

- Snowhead Icicle Room Wall
107
10,468;119;93;270;2,120,461,468
0
0

- Snowhead Main Room Wall
107
10;2,120,461;270,472;468,119,472;92,93,461,468,472;465,472,473
0
0

- Snowhead Pillar Freezards
107
10,119,472;10,173,464;10,120;2,120,461;93,173,464;93,120;270,119,472;270,173,464;270,120;119,173,464,473;119,173,464,92;119,173,464,478;119,120,473;119,120,92;119,120,478;119,120,4,461
0
0

- Snowhead Ice Puzzle
107
10;93;270;2,120,461,468;119,120;92,463,478;465,472,473
0
0

- Snowhead Crate
107
119,478;10,119;10,92;92,93;93,119;270,119;270,92;468,92,2,120,461;465,472,473
0
0

- Great Bay Skulltula
112,466

0
0

- Great Bay Pre-Boss Room Underwater Bubble
112,466
93,119;270,473,463,120,76;270,473,463,10,76;92,473,3,120,461,463,76;465,472,473,76
0
0

- Great Bay Water Control Room Underwater Bubble
112,466

0
0

- Great Bay Pre-Boss Room Bubble
112,466
93,119,76;93,463;93,119,0;270,473,76;270,473,463;270,473,0;92,473,3,120,461,76;92,473,3,120,461,463;92,473,3,120,461,0;465,472,473
0
0

- Great Bay Waterwheel Room Upper
112,466
93,119;270,473;92,473,3,120,461,10;92,473,3,120,461,119;465,472,473
0
0

- Great Bay Green Valve
112,466
93,3,120,461,10;92,3,120,461,10;270,3,120,461,10;465,472,473,10
0
0

- Great Bay Seesaw Room
112,466
93,119;270,473;92,473,3,120,461;465,472,473
0
0

- Great Bay Waterwheel Room Lower
112,466
93,119;270,473;92,3,120,461;465,472,473
0
0

- Great Bay Entrance Torches
112,466

0
0

- Great Bay Bio Babas
112,466
93;92,473,0,461,478;92,473,3,120,461;92,473,10,74,478;270,473,0,461;270,473,120;270,473,74,478;465,472,473,478
0
0

- Great Bay Underwater Barrel
112,466
93,119;270,473,462,76;92,473,3,120,461,462,76;465,472,473,76
0
0

- Great Bay Whirlpool Jar
112,466
93;92,120,76;92,76,74,478;270,120,76;270,76,74,478;465,472,473
0
0

- Great Bay Whirlpool Barrel
112,466
93;92;270;465,472,473
0
0

- Great Bay Dexihands Jar
112,466
93;92,473,0,461,478;92,473,3,120,461;92,473,10,119,478;270,473,0,461;270,473,120;270,473,10;465,472,473
0
0

- Great Bay Ledge Jar
112,466
93;92,473,0;92,473,3,120,461;92,473,120,76;92,473,10,76;270,473;465,472,473
0
0

- Stone Tower Mirror Sun Block
116,470
4,120,461;463,10;92,25,119;92,101,25,471,93;465,472,473
0
0

- Stone Tower Eyegore
116
4,120,461,470;463,470,10,472;119,470,92,25;92,101,471,93,25,0;92,101,471,270,25,120;92,101,471,270,25,93;92,101,471,270,25,10;92,101,471,270,25,0,461;465,472,473,470;465,472,473,478
0
0

- Stone Tower Lava Room Fire Ring
116,470
4,120,461,119;4,120,461,10,478;4,120,461,92;463,10,472;92,119,25;92,101,471,25,93,0;92,101,471,25,270;465,472,473
0
0

- Stone Tower Updraft Fire Ring
116,93
117,4,120,461,0,101;117,4,120,461,119,472,101;463,10,472;117,463,472;117,463,0
0
0

- Stone Tower Mirror Sun Switch
116,470
4,120,461;92,25,119;92,101,25,471,93;465,25,473
0
0

- Stone Tower Boss Warp
4,120,461
116,10,465,472,473;117
0
0

- Stone Tower Wizzrobe
117
4,120,461,0;463,0;93,119,0;119,472,0;270,0;465,472,473
0
0

- Stone Tower Death Armos
117
465,472,473,10;463,116;93,119,116;270,116;4,120,461,0,116;119,472,0,116;119,472,92,116
0
0

- Stone Tower Updraft Frozen Eye

116,2,120,461,465,472,473;116,464,173,465,472,473;117,4,120,461,0;117,4,120,461,2;117,463,120,0;117,119,472,120
0
0

- Stone Tower Thin Bridge

117,465,472,473,10;116,4,120,461,95,470;116,4,120,461,119,470;116,4,120,461,10,470;116,463,470,472,10;116,463,92,25,470;116,92,101,471,93,25,0,95;116,92,101,471,93,25,0,10;116,92,101,471,93,25,119;116,92,101,471,478,25,119;116,116,92,101,117,270,25
0
0

- Stone Tower Basement Ledge
116
92,101,10;92,101,119,478;463,93,10,470;463,478,10,472,270;463,478,10,472,4,120,461;119,93,10,470,472;463,93,478,470;119,93,478,470,472;4,120,461,93,10,470;4,120,461,93,478,470,119;463,10,472,471;119,92,25,471,478;119,92,25,471,10;4,120,461,471,119,472,478;4,120,461,471,119,472,10;465,472,473
0
0

- Stone Tower Statue Eye

116,120;117,10,120,465,472,473
0
0

- Stone Tower Underwater
4,120,461
116,463,472,93;116,3,93;117,10,465,472,473;116,117,93
0
0

- Stone Tower Bridge Crystal
116
92,101,470,93;92,101,470,270;92,101,470,4,120,461;463,93;463,472,10,478;4,120,461,93;465,472,473,470;465,472,473,478
0
0

- Stone Tower Lava Room Ledge
116,470
4,120,461,0;4,120,461,463;4,120,461,119,472;4,120,461,270;463,10,472;119,92,25;92,101,471,93,25,0;92,101,471,270,25;465,472,473,470
0
0

- Lottery 50r


62
0

- Bank 5r


0
0

- Milk Bar Chateau
82
30;31
0
42

- Milk Bar Milk
82

0
42

- Deku Playground 50r
0

0
0

- Honey and Darling 50r

120;463
0
16

- Kotake Mushroom Sale 20r
175,464

0
0

- Pictograph Contest 5r
8

0
0

- Pictograph Contest 20r
8

0
0

- Swamp Scrub Magic Bean
0

0
0

- Ocean Scrub Green Potion
93,110

0
0

- Canyon Scrub Blue Potion
115
30;31
0
0

- Zora Hall Stage Lights 5r
110,2,461,120

0
0

- Gorman Bros Purchase Milk


21
0

- Ocean Spider House 50r
110,316,317,318,319,320,321,322,323,324,325,326,327,328,329,330,331,332,333,334,335,336,337,338,339,340,341,342,343,344,345

0
12

- Ocean Spider House 20r
110,316,317,318,319,320,321,322,323,324,325,326,327,328,329,330,331,332,333,334,335,336,337,338,339,340,341,342,343,344,345

0
48

- Lulu Pictograph 5r
8,93,110

0
0

- Lulu Pictograph 20r
8,93,110

0
0

- Treasure Chest Game 50r


0
0

- Treasure Chest Game 20r
93

0
0

- Treasure Chest Game Deku Nuts
0

0
0

- Curiosity Shop 5r
464
175;477
0
42

- Curiosity Shop 20r
464
166;168;169;172;173;174
0
42

- Curiosity Shop 50r
464
170
0
42

- Curiosity Shop 200r
464
18;21;409;171
0
0

- Seahorse
8,93,110

0
0

- GossipTerminaSouth


0
0

- GossipSwampPotionShop


0
0

- GossipMountainSpringPath
108

0
0

- GossipMountainPath


0
0

- GossipOceanZoraGame
110

0
0

- GossipCanyonRoad
114

0
0

- GossipCanyonDock
115

0
0

- GossipCanyonSpiritHouse
115

0
0

- GossipTerminaMilk


0
0

- GossipTerminaWest


0
0

- GossipTerminaNorth


0
0

- GossipTerminaEast


0
0

- GossipRanchTree


0
0

- GossipRanchBarn


0
0

- GossipMilkRoad


0
0

- GossipOceanFortress
110

0
0

- GossipSwampRoad


0
0

- GossipTerminaObservatory


0
0

- GossipRanchCuccoShack


0
0

- GossipRanchRacetrack


0
0

- GossipRanchEntrance


0
0

- GossipCanyonRavine
115
463,472,473;0,36,93;93,97;270
0
0

- GossipMountainSpringFrog
108

0
0

- GossipSwampSpiderHouse
474

0
0

- GossipTerminaGossipLarge


0
0

- GossipTerminaGossipGuitar


0
0

- GossipTerminaGossipPipes


0
0

- GossipTerminaGossipDrums


0
0

- Magic Meter

11;13
0
0

- At Least One Bombchu
463
159;192;218;259;207;200;216;272
0
0

- Bombs

5;28;29
0
0

- Bottle

16;17;18;19;20;21;214
0
0

- Long Hover
74,463
159;218;272
0
0

- Ability to Leave GBT

10;112
0
0

- Equip Swap Ability

32;33;34;35;36;16,17,19,20,21,214
0
0

- One Snowhead Key

133;134;135
0
0

- Two Snowhead Keys

133,134;133,135;134,135
0
0

- One Stone Tower Key

143;144;145;146
0
0

- Two Stone Tower Keys

143,144;143,145;143,146;144,145;144,146;145,146
0
0

- Shield

25;149;163;275
0
0

- Sword

274;23;24;15
0
0

- Lower Swamp Island Access

0;92,478;93,478;462,472,473;166,478,463,464,472;93,166,464;92,166,464;166,463,464,467,472;105;270
0
0

- Song for Human Moon Dungeon

94;96;97
0
0

- Oceanside Spider Entry
110,119
465,472,473;463,92;10
0
0

- Milk

17,278;279;280;281;282;283;284;285;410;420
0
0

- Starting Heart 1,Starting Heart 2

249,250;249,251;249,252;249,276;249,277;250,251;250,252;250,276;250,277;251,252;251,276;251,277;252,276;252,277;276,277
0
0
